Plants  Suppliers  Scenarios
    6      12      27
Transportation costs in local currency
86.00   10.89   61.91   39.36   26.04   46.82   
 9.72   94.79   61.77   58.78   70.64   60.17   
22.01   81.76   34.87   60.50   68.00   40.01   
37.24   74.98   21.55   63.46   68.00   32.07   
88.82    7.65   62.13   43.49   30.29   47.64   
27.14   103.01   54.57   78.21   87.25   61.31   
66.17   51.71   14.29   63.82   61.08   22.44   
52.64   84.62   28.15   79.70   82.85   43.48   
17.74   74.06   34.31   49.54   57.63   34.57   
87.33    9.18   61.96   41.34   28.08   47.15   
29.08   115.85   74.43   82.62   94.03   77.40   
11.85   79.53   52.43   43.36   54.97   47.57   
Supplier capacity and fixed cost (in local currency)
  179    1502.26
  215    1804.39
  191    1602.97
  209    1754.04
  174    1460.30
  161    1351.20
  174    1460.30
  213    1787.61
  213    1787.61
  195    1636.54
  218    1829.57
  231    1938.68
Demand scenarios
   88   106   100    90   114    72   110   115   105    85   117   116   101   126   122   108   111    87   122   135    99   128   116   132   121   124    96 
  107    99   102   108   126   135    73   123   101    94    92    99   107    96   104   118   117   128    90    90   133   100   123   117    87    91   118 
   87    88   133   106   103   101    88   118   129    91    90   108    97    90   118    88   113    96   114   119   116    76   118   125   106   102   117 
  102   118   113    86    92    82    91   128   134   102    83    83    89    95   129   134    94   118    89   116    81    84    92   124   123   136   105 
   95    92   116   112   116    86    93    93   114   104   102   111   125   108    81   137   136    92    92   102    71   116   118   102   112   135   100 
   92   121    91   103   118    99   105    91   107    86    85   116    75   128   107   115   100   117   112    90   131    86   113   101   114    98   124 
Exchange rate scenarios
 0.82  0.83  0.94  0.98  0.89  0.83  0.98  0.81  0.94  1.02  1.05  0.96  1.02  0.97  1.05  0.92  0.96  1.00  1.04  1.11  1.11  1.00  1.12  1.05  1.01  1.20  1.03 
 0.89  1.07  1.06  0.92  1.05  1.00  0.96  1.07  1.05  0.94  0.96  1.06  0.92  0.98  1.15  0.98  0.93  1.05  0.82  1.03  1.02  0.90  0.92  1.13  0.83  1.00  1.18 
 0.83  1.00  1.02  0.86  1.05  1.15  0.84  0.97  1.05  0.90  1.07  1.01  0.98  1.10  1.19  0.97  0.96  1.08  0.96  1.00  1.13  0.90  1.08  1.01  0.92  1.08  1.02 
 0.97  0.99  0.94  1.08  1.07  0.93  1.01  1.02  1.17  0.98  0.82  0.82  0.97  1.05  0.90  1.14  1.10  1.12  0.81  0.99  0.94  1.01  1.04  0.94  1.01  1.09  1.07 
 1.00  0.92  0.81  0.96  1.06  1.02  1.15  1.06  1.10  0.84  0.83  0.92  1.03  0.98  0.94  1.17  1.14  1.04  0.92  0.97  0.86  1.00  1.09  0.97  1.19  1.12  1.08 
 0.99  1.06  1.02  0.81  0.92  1.20  0.90  0.93  1.05  0.85  0.96  1.11  0.99  0.91  1.11  0.84  1.03  1.09  0.80  0.97  1.17  0.97  0.94  1.16  1.00  0.95  1.01 
 0.82  0.93  1.01  0.93  1.07  1.05  0.85  0.99  1.15  0.99  1.03  1.01  0.94  1.07  1.02  0.94  0.97  1.19  0.94  1.05  1.05  0.98  0.96  1.05  0.89  0.93  1.14 
 0.99  1.00  1.05  0.95  1.01  1.10  0.97  0.91  1.03  0.99  0.95  1.16  0.87  1.03  1.11  0.98  1.03  1.00  0.80  1.00  1.15  0.88  1.07  1.18  0.89  0.91  1.03 
 0.96  1.00  1.02  0.92  1.00  1.06  0.82  1.09  1.08  0.88  0.98  1.16  0.89  0.98  1.18  0.99  1.07  1.11  0.93  0.96  1.17  0.87  0.94  1.05  0.84  1.06  1.10 
 0.83  1.05  1.06  0.81  1.05  1.04  0.87  1.05  1.04  0.99  1.02  1.10  0.96  1.05  1.18  0.99  1.09  1.20  0.84  1.09  1.19  0.89  1.01  1.14  0.88  0.92  1.02 
 0.87  0.91  1.09  0.96  0.93  1.06  0.93  1.01  1.04  0.92  0.92  1.18  0.95  0.97  1.05  0.96  1.03  1.01  0.81  1.00  1.05  0.83  1.09  1.07  0.90  1.09  1.06 
 0.92  1.04  1.14  0.88  1.09  1.16  0.92  0.99  1.02  0.89  0.97  1.05  0.89  0.96  1.13  0.87  1.06  1.13  0.86  0.93  1.05  0.89  1.10  1.05  0.96  1.08  1.01 
Probabilities
0.0393
0.0283
0.0180
0.0505
0.0363
0.0232
0.0188
0.0135
0.0087
0.0538
0.0387
0.0247
0.0691
0.0497
0.0317
0.0258
0.0185
0.0118
0.0730
0.0525
0.0335
0.0938
0.0674
0.0431
0.0350
0.0252
0.0161
