Iteration	expected_value	risk	lambda
75.000000	0.000000	3502.967000	0.000000
75.000000	0.000000	3502.967000	0.000000
69.000000	1094.412000	2915.736000	0.030000
95.000000	4688.214000	2901.454000	0.120000
95.000000	5078.899000	2868.483000	0.130000
95.000000	5469.584000	2835.512000	0.140000
95.000000	5860.268000	2802.541000	0.150000
97.000000	6292.301000	2723.053000	0.160000
98.000000	6747.316000	2711.568000	0.160000
97.000000	7330.210000	2699.828000	0.170000
97.000000	7761.398000	2667.300000	0.180000
79.000000	8624.454000	2656.913000	0.220000
79.000000	9016.475000	2622.850000	0.230000
19.000000	10676.725000	2597.768000	0.260000
19.000000	11087.368000	2562.663000	0.270000
19.000000	11498.012000	2527.558000	0.280000
19.000000	11908.655000	2492.453000	0.290000
19.000000	12319.298000	2457.348000	0.300000
73.000000	12152.640000	2350.346000	0.310000
73.000000	12544.660000	2316.283000	0.320000
95.000000	12936.681000	2282.220000	0.330000
71.000000	13912.865000	2254.143000	0.340000
57.000000	13973.165000	2253.995000	0.350000
71.000000	14322.067000	2219.989000	0.350000
57.000000	14372.398000	2219.319000	0.360000
71.000000	14731.269000	2185.835000	0.360000
57.000000	14771.631000	2184.642000	0.370000
71.000000	15140.471000	2151.682000	0.370000
57.000000	15170.865000	2149.965000	0.380000
35.000000	14126.187000	1927.053000	0.390000
35.000000	14488.397000	1895.462000	0.400000
35.000000	14850.607000	1863.871000	0.410000
63.000000	15321.774000	1743.429000	0.420000
63.000000	15686.578000	1713.370000	0.430000
63.000000	16051.382000	1683.311000	0.440000
61.000000	19993.052000	1669.086000	0.510000
61.000000	20385.073000	1635.023000	0.520000
61.000000	20777.094000	1600.961000	0.530000
61.000000	21169.114000	1566.898000	0.540000
61.000000	21561.135000	1532.835000	0.550000
61.000000	21953.156000	1498.772000	0.560000
61.000000	22345.176000	1464.709000	0.570000
61.000000	22737.197000	1430.646000	0.580000
61.000000	23129.217000	1396.583000	0.590000
61.000000	23521.238000	1362.520000	0.600000
61.000000	23913.259000	1328.457000	0.610000
61.000000	24305.279000	1294.394000	0.620000
61.000000	24697.300000	1260.331000	0.630000
61.000000	25089.321000	1226.268000	0.640000
61.000000	25481.341000	1192.205000	0.650000
61.000000	25873.362000	1158.142000	0.660000
61.000000	26265.383000	1124.079000	0.670000
61.000000	26657.403000	1090.016000	0.680000
61.000000	27049.424000	1055.953000	0.690000
61.000000	27441.444000	1021.890000	0.700000
61.000000	27833.465000	987.827000	0.710000
61.000000	28225.486000	953.764000	0.720000
61.000000	28617.506000	919.701000	0.730000
61.000000	29009.527000	885.638000	0.740000
61.000000	29401.548000	851.575000	0.750000
61.000000	29793.568000	817.512000	0.760000
61.000000	30185.589000	783.449000	0.770000
61.000000	30577.609000	749.386000	0.780000
61.000000	30969.630000	715.323000	0.790000
61.000000	31361.651000	681.260000	0.800000
61.000000	31753.671000	647.197000	0.810000
61.000000	32145.692000	613.134000	0.820000
61.000000	32537.713000	579.071000	0.830000
61.000000	32929.733000	545.008000	0.840000
61.000000	33321.754000	510.945000	0.850000
61.000000	33713.775000	476.882000	0.860000
61.000000	34105.795000	442.819000	0.870000
19.000000	35770.627000	441.390000	0.880000
61.000000	34497.816000	408.756000	0.880000
19.000000	36177.112000	404.607000	0.890000
61.000000	34889.836000	374.693000	0.890000
19.000000	36583.596000	367.825000	0.900000
61.000000	35281.857000	340.630000	0.900000
19.000000	36990.081000	331.042000	0.910000
61.000000	35673.878000	306.567000	0.910000
19.000000	37396.565000	294.260000	0.920000
61.000000	36065.898000	272.504000	0.920000
19.000000	37803.049000	257.477000	0.930000
61.000000	36457.919000	238.441000	0.930000
19.000000	38209.534000	220.695000	0.940000
61.000000	36849.940000	204.378000	0.940000
19.000000	38616.018000	183.912000	0.950000
61.000000	37241.960000	170.315000	0.950000
19.000000	39022.503000	147.130000	0.960000
61.000000	37633.981000	136.252000	0.960000
19.000000	39428.987000	110.347000	0.970000
61.000000	38026.002000	102.189000	0.970000
10.000000	45347.362000	94.025000	0.980000
19.000000	39835.471000	73.565000	0.980000
61.000000	38418.022000	68.126000	0.980000
10.000000	45810.090000	47.013000	0.990000
19.000000	40241.956000	36.782000	0.990000
61.000000	38810.043000	34.063000	0.990000
2.000000	52094.722000	-0.000000	1.000000
4.000000	48715.726000	-0.000000	1.000000
5.000000	49354.973000	-0.000000	1.000000
7.000000	50577.482000	-0.000000	1.000000
10.000000	46272.818000	-0.000000	1.000000
12.000000	48477.630000	-0.000000	1.000000
13.000000	48926.051000	-0.000000	1.000000
15.000000	48268.490000	-0.000000	1.000000
17.000000	43565.758000	-0.000000	1.000000
19.000000	40648.440000	-0.000000	1.000000
21.000000	40384.954000	-0.000000	1.000000
22.000000	43335.140000	-0.000000	1.000000
23.000000	45434.033000	-0.000000	1.000000
24.000000	47746.357000	-0.000000	1.000000
26.000000	48586.614000	-0.000000	1.000000
27.000000	51485.538000	-0.000000	1.000000
29.000000	49490.341000	-0.000000	1.000000
31.000000	45623.623000	-0.000000	1.000000
33.000000	41594.853000	-0.000000	1.000000
35.000000	43281.346000	-0.000000	1.000000
36.000000	44772.432000	-0.000000	1.000000
38.000000	48149.110000	-0.000000	1.000000
40.000000	48989.953000	-0.000000	1.000000
41.000000	54340.775000	-0.000000	1.000000
43.000000	48228.883000	-0.000000	1.000000
44.000000	57361.594000	-0.000000	1.000000
48.000000	42812.944000	-0.000000	1.000000
50.000000	43966.034000	-0.000000	1.000000
51.000000	44659.697000	-0.000000	1.000000
52.000000	48377.017000	-0.000000	1.000000
53.000000	48669.398000	-0.000000	1.000000
56.000000	44990.601000	-0.000000	1.000000
57.000000	47481.514000	-0.000000	1.000000
61.000000	39202.063000	-0.000000	1.000000
62.000000	42362.668000	-0.000000	1.000000
65.000000	42540.116000	-0.000000	1.000000
66.000000	45483.118000	-0.000000	1.000000
67.000000	48444.099000	-0.000000	1.000000
69.000000	45346.169000	-0.000000	1.000000
70.000000	49216.718000	-0.000000	1.000000
72.000000	44144.322000	-0.000000	1.000000
75.000000	41453.804000	-0.000000	1.000000
77.000000	41051.956000	-0.000000	1.000000
79.000000	43768.963000	-0.000000	1.000000
81.000000	46156.278000	-0.000000	1.000000
83.000000	45370.935000	-0.000000	1.000000
85.000000	44065.317000	-0.000000	1.000000
86.000000	45051.286000	-0.000000	1.000000
87.000000	47598.417000	-0.000000	1.000000
89.000000	43402.483000	-0.000000	1.000000
91.000000	44350.246000	-0.000000	1.000000
93.000000	44378.714000	-0.000000	1.000000
94.000000	45685.330000	-0.000000	1.000000
95.000000	46270.479000	-0.000000	1.000000
97.000000	47529.040000	-0.000000	1.000000
99.000000	46131.385000	-0.000000	1.000000
