Plants  Suppliers  Scenarios
   10      20      27
Transportation costs in local currency
97.58   60.10   77.67   101.02   12.40   60.19   18.88   40.13    8.77   37.16   
101.64   47.30   81.91   105.38   28.56   62.59    5.36   27.15    8.41   20.13   
89.19   71.40   69.87   92.21    6.43   55.61   37.33   52.94   26.76   55.09   
88.17   94.23   71.54   90.29   32.86   63.94   63.63   77.37   53.18   81.53   
95.58   99.61   79.07   97.64   35.98   71.33   65.81   82.06   55.77   84.23   
53.31   40.18   43.87   57.08   78.78   34.64   78.77   50.90   75.82   75.76   
17.26   73.92    2.93   20.97   73.45   22.21   89.71   73.47   81.87   95.81   
69.92   19.24   53.70   73.97   56.68   35.32   51.20   23.00   49.51   47.93   
61.34   55.00   41.45   64.76   29.70   25.33   47.74   42.89   38.62   58.44   
78.05   15.14   61.00   82.09   52.77   41.74   43.29   13.92   42.86   38.82   
41.47   52.63   22.33   45.32   53.29    2.28   65.73   49.40   58.56   71.32   
33.07   77.98   17.65   35.47   59.68   24.13   81.38   72.12   72.09   91.15   
53.12   92.08   40.57   54.52   54.53   43.23   82.35   81.70   71.83   95.99   
78.08   99.59   63.67   79.67   44.99   60.58   75.94   84.83   65.17   92.77   
87.84   84.96   69.89   90.35   22.30   59.55   53.09   67.51   42.62   70.97   
91.19   79.90   72.48   93.95   14.99   60.09   45.18   61.63   34.90   63.36   
32.90   71.60   14.61   35.88   57.67   17.54   77.40   66.41   68.53   86.21   
107.73   28.71   89.66   111.74   55.63   69.71   29.44   18.09   36.79   13.03   
82.31   13.55   65.13   86.35   52.71   45.73   40.71   10.31   41.25   34.97   
45.73   49.43   39.03   49.33   83.32   34.23   86.01   59.22   82.25   84.15   
Supplier capacity and fixed cost (in local currency)
  204    3613.24
  178    3152.73
  208    3684.09
  193    3418.41
  221    3914.34
  174    3081.88
  169    2993.32
  226    4002.90
  210    3719.51
  177    3135.02
  153    2709.93
  187    3312.14
  182    3223.58
  227    4020.61
  173    3064.17
  161    2851.62
  172    3046.46
  211    3737.22
  187    3312.14
  171    3028.74
Demand scenarios
   88   102   123    86    85    98    72   125   123   112   110   123   108   121   132   113   126   132    95   104   132    88    95    96   110   124    96 
  100    96    84    78   110    85    79    84    82    87   115   110   111   107    84   106    92    96    93   105   132    95   100    92   107    90   123 
  105    98   133   116   100   126   101   115   102    97   116    96    94   120   106    91   116    97    96    88   106   103   128   123   106    97   112 
   92   105   134   109   102   131    79   123   116   112   103   110   114   129   113   118    87    95    85   102   137    83    84   130   118   102   119 
  104   108    79   115    89   126   115    95    96   104   101    76    92    88    91   131   112   109   114   103    98    93   105   101   121   117    93 
   94   103   109   125   108   111   108    99   128   118    81   104   125   116   110   116   115    94    90    98   110    98   103    96    90   112   111 
   72    78    71   115    84   100    75    77   115   105    85    87   111    83    84   114   104   109   118   120    97   100   105   128   128   113   117 
   71    98    74    75   117    90   113   100    74    86   104   117   102   129    90    98    88   103   114    93   136   111   108   125   110    90   122 
  109   109    77   125    90   100    96   109   122   118    83   109   120   124   104   133   108   107   103   113    95    95    95   105    94   124   133 
   91   113   107    98    74   116    82    70   107    87   102   120   114   109   105    84    94    87    91   109    97   134   102   107   111   127   111 
Exchange rate scenarios
 1.12  0.92  0.98  0.95  0.85  0.94  0.84  0.91  0.98  0.92  1.01  1.03  0.97  1.10  1.04  1.02  1.06  0.90  0.96  1.18  1.08  1.10  1.14  1.18  1.08  1.20  1.13 
 0.85  0.88  0.89  0.94  0.98  0.96  0.85  0.98  0.81  1.07  1.04  0.97  0.94  0.90  1.03  0.94  0.92  1.00  1.10  1.07  1.13  1.10  1.12  1.04  1.04  1.09  1.05 
 0.81  0.92  0.84  0.89  0.85  0.81  0.99  0.89  0.91  1.00  1.01  0.99  1.08  1.05  1.03  1.08  1.02  1.08  1.07  1.15  1.19  1.06  1.09  1.08  1.13  1.04  1.14 
 0.99  0.99  1.02  0.87  0.94  1.15  0.83  0.96  1.12  0.91  1.08  1.18  0.96  0.92  1.12  0.95  1.05  1.01  0.95  0.98  1.17  0.83  0.93  1.03  0.89  1.07  1.12 
 0.91  1.06  1.03  0.94  1.02  1.15  0.97  0.99  1.10  0.81  1.07  1.14  0.85  0.91  1.03  0.99  1.04  1.01  0.97  1.02  1.17  0.94  0.91  1.02  0.96  1.09  1.04 
 0.93  0.92  0.86  0.88  0.84  0.92  0.89  0.93  0.90  0.91  1.01  1.06  0.92  1.10  1.09  0.92  1.09  0.95  1.18  1.14  1.13  1.10  1.06  1.03  1.10  1.01  1.19 
 0.94  1.02  1.00  0.89  0.99  1.14  0.87  0.91  1.09  0.87  1.02  1.14  0.98  1.02  1.01  0.86  0.95  1.10  0.97  1.06  1.12  0.97  0.98  1.14  0.93  1.02  1.05 
 0.92  0.90  0.99  0.87  0.97  0.92  0.99  0.99  0.80  0.97  1.01  0.95  1.02  0.92  1.03  1.04  1.05  1.05  1.00  1.04  1.12  1.14  1.05  1.14  1.09  1.16  1.10 
 0.95  0.94  0.89  0.99  0.89  0.87  0.91  0.84  0.95  1.09  1.07  0.98  0.94  1.07  0.97  0.90  1.08  0.93  1.07  1.13  1.12  1.19  1.04  1.12  1.02  1.09  1.11 
 0.97  0.89  0.99  0.88  0.98  0.80  0.84  0.93  0.86  1.04  1.03  1.08  1.07  0.97  0.93  0.95  1.09  1.08  1.09  1.14  1.02  1.02  1.17  1.03  1.16  1.03  1.13 
 0.95  0.88  0.89  0.97  1.05  1.04  1.11  1.18  1.10  0.98  0.92  0.89  1.02  0.92  1.10  1.16  1.11  1.18  0.82  0.96  0.89  1.07  1.09  0.93  1.15  1.15  1.12 
 0.96  0.95  1.19  0.95  1.03  1.00  0.87  0.91  1.20  0.96  0.97  1.15  0.85  1.07  1.14  0.90  0.91  1.18  0.90  1.00  1.15  0.91  1.05  1.11  0.87  0.97  1.06 
 0.94  0.95  1.17  0.81  1.04  1.15  0.98  1.05  1.05  0.98  1.03  1.09  0.91  1.08  1.18  0.97  0.91  1.12  0.96  1.00  1.02  0.87  1.09  1.01  0.89  0.99  1.20 
 0.99  0.94  1.01  0.81  1.09  1.07  0.86  1.04  1.20  0.84  0.97  1.18  0.87  0.91  1.17  0.91  1.00  1.16  0.85  1.04  1.03  0.88  0.96  1.13  0.97  0.98  1.12 
 0.99  0.98  1.01  0.97  1.08  1.12  0.86  0.92  1.14  0.85  0.94  1.02  0.81  0.95  1.20  0.88  0.99  1.04  0.84  0.94  1.01  0.92  1.05  1.15  0.91  0.91  1.06 
 0.82  1.00  1.17  0.91  0.97  1.03  0.88  1.04  1.15  0.87  1.05  1.15  0.88  0.92  1.05  0.96  1.01  1.08  0.81  1.04  1.03  0.91  1.07  1.05  0.89  1.07  1.19 
 0.94  1.02  1.05  0.87  1.03  1.11  0.97  1.04  1.19  0.89  0.91  1.02  0.87  1.09  1.14  1.00  0.96  1.07  0.93  0.99  1.13  0.92  1.04  1.05  0.86  1.06  1.04 
 0.87  0.92  0.98  0.85  0.85  0.85  0.83  0.81  0.91  0.99  1.08  0.97  1.00  1.03  1.01  0.94  0.97  1.02  1.03  1.08  1.02  1.08  1.17  1.13  1.05  1.01  1.14 
 0.90  0.85  0.97  0.94  0.83  0.88  0.93  0.83  0.87  1.01  1.06  1.03  0.95  1.06  0.94  0.92  0.97  0.92  1.20  1.06  1.04  1.10  1.01  1.16  1.15  1.13  1.19 
 0.88  0.81  0.99  0.94  0.91  0.89  0.88  0.91  0.99  0.95  0.98  1.02  1.00  0.93  1.05  1.09  0.99  0.91  1.06  1.12  1.04  1.11  1.20  1.06  1.09  1.18  1.19 
Probabilities
0.0334
0.0153
0.0164
0.0443
0.0204
0.0218
0.0164
0.0075
0.0080
0.0403
0.0185
0.0198
0.0535
0.0246
0.0263
0.0198
0.0091
0.0097
0.1082
0.0497
0.0531
0.1437
0.0660
0.0705
0.0531
0.0244
0.0261
