Plants  Suppliers  Scenarios
   10      40      27
Transportation costs in local currency
19.98   43.60   29.07   59.95   41.07   37.76   34.38    7.28   42.71   44.85   
57.61   78.44   35.42   99.50   19.98   14.14   73.65   37.21   55.45   34.02   
72.96   56.85   79.89   91.96   77.10   70.92   69.44   62.74   98.00   26.40   
25.13   35.09   59.49   20.25   79.08   77.54   15.38   44.94   58.22   82.66   
39.68   63.72   23.06   82.05   21.64   16.79   56.55   19.27   43.17   37.09   
70.44   32.89   94.14   65.79   100.99   95.71   53.68   72.45   106.50   63.18   
73.83   52.83   84.30   88.52   83.33   77.24   67.54   65.82   101.57   34.26   
56.66   21.03   80.86   56.21   88.92   83.90   40.86   59.07   92.76   56.13   
36.00    6.33   65.34   37.62   77.99   74.04   18.22   43.92   73.91   60.01   
35.72   11.85   62.28   43.72   73.50   69.26   22.01   40.51   72.48   53.47   
71.05   60.69   73.91   94.66   69.20   62.97   70.71   58.49   92.80   17.23   
36.48   50.44   34.93   73.58   37.18   31.96   47.28   19.42   53.13   28.77   
15.46   38.13   33.51   53.44   47.25   44.16   27.84   12.09   44.67   48.90   
74.06   86.75   55.71   112.78   39.19   34.01   86.45   54.13   75.83   27.24   
35.23   31.95   70.07    9.50   89.01   87.07   17.96   54.12   69.41   87.60   
14.20   54.17   21.34   58.24   41.85   41.43   37.65   15.08   25.55   63.24   
74.66   66.49   74.81   100.08   68.26   62.02   75.72   60.84   94.21   15.50   
85.98   85.59   77.02   117.31   64.43   58.60   91.76   68.65   97.37   22.19   
39.94   76.38    4.99   84.37   19.19   21.97   62.69   26.51   20.74   61.90   
59.38   35.53   75.46   71.18   78.87   73.21   50.63   54.97   90.73   38.46   
66.85   49.75   76.07   84.84   75.15   69.08   62.46   57.87   93.52   27.37   
22.14   24.41   56.85   25.10   74.38   71.97    3.41   38.97   59.79   71.86   
66.15   59.66   67.27   92.48   62.31   56.08   67.73   52.53   86.36   10.85   
42.73   14.87   76.49   21.81   92.11   88.88   19.21   56.71   80.83   78.57   
50.67   79.17   21.72   94.83    6.03    2.01   70.28   31.38   40.82   47.14   
16.14   34.84   50.78   28.75   70.10   68.51   13.72   35.95   50.96   75.24   
39.60   72.63    8.65   84.28   14.68   15.24   60.97   22.57   28.68   53.33   
19.13   52.93   18.58   63.48   35.02   33.33   39.96    4.96   31.08   52.73   
75.94   75.68   69.02   107.04   58.56   52.47   81.45   59.11   89.21   11.87   
11.05   30.54   42.65   40.45   59.08   56.52   15.43   23.56   48.98   59.62   
20.83   59.23   36.85   50.55   58.90   59.61   38.75   34.48   28.43   82.27   
33.89   17.02   68.12   20.27   84.57   81.68   10.44   49.02   71.81   75.54   
43.36    6.40   71.35   42.23   82.64   78.33   25.61   49.64   80.91   59.54   
35.62   18.10   58.95   49.42   68.73   64.23   26.09   37.10   70.67   47.14   
43.94   23.58   63.74   57.58   70.82   65.78   35.26   42.24   77.20   41.66   
26.36   20.37   60.73   23.55   77.64   74.97    3.13   42.10   64.31   72.07   
19.07   40.12   52.15   28.38   72.41   71.30   19.06   39.45   49.90   80.66   
43.07   80.55    9.15   87.08   20.98   24.82   66.18   31.00   18.46   66.48   
22.96   56.09   15.63   67.34   31.17   29.52   43.69    6.27   30.33   51.43   
76.47   47.98   92.14   83.61   93.81   87.91   65.83   72.06   107.89   47.46   
Supplier capacity and fixed cost (in local currency)
  102     342.62
   91     305.67
  115     386.28
  105     352.69
  111     372.85
   93     312.38
   84     282.15
   79     265.36
   84     282.15
   98     329.18
  113     379.56
  110     369.49
  115     386.28
   90     302.31
  115     386.28
   94     315.74
   95     319.10
  102     342.62
   84     282.15
  104     349.33
   98     329.18
   86     288.87
   77     258.64
   82     275.44
   85     285.51
  102     342.62
   84     282.15
  102     342.62
   85     285.51
   91     305.67
   90     302.31
  105     352.69
   79     265.36
   77     258.64
  100     335.90
  114     382.92
   92     309.03
  103     345.97
  106     356.05
   94     315.74
Demand scenarios
   76   105    99    96    95   103   139   123   101    77   118   109   120   107   123    92   117   130    83   106   103   115   107   102   108    96   101 
  107    92   136    80    83   103   105    80   135    85    91   120    90   117    93    86   125   139   110   126   121    91    95   137   105    80   106 
   82    77    77    78    82    94    76   107    86    97   115   106   129    85   129    89    86   106   100   124   119    92   136   109    95    91   102 
  102   101   130   103   103   111   117   107   138   110   113    90   103    90   132   114   116   121    87   107   110   102   109   112   106   118   108 
   91   115    79    78    72   103   112   103   106    94   120   114   106    87   106   113   119    95    96    96   104   122   103   134    94   112   134 
   90    98    73    91    79    77   113   112    91   124    88    95   117   111    98   111    98   120   112   107    97   124   133   106   126   119   107 
  115    82    91   119    98   106    84    85   102    82   112   103   110   114   126    83    94   120    83    98   138   117    87    98   107   121   122 
  114    95   105    83   129    82   110   138   120    93    91    90    98   118    86   131   125   108    98    91   113   117   126    89   118   135   117 
   87    95    81    91    84    84    82    70   108   117   110   100   111    99   129    89   106   122    99   126   130   125    97   107   118    99   114 
  108    91    91    71    76    93    89   106   118   123   100    99    87   117   127    99   128    81   139   130   129    96   135    97   126    99   104 
Exchange rate scenarios
 0.90  0.85  0.84  1.09  0.95  1.03  1.12  1.09  1.17  0.99  0.98  0.86  1.06  0.93  0.90  1.09  1.07  1.05  0.86  0.83  0.83  0.99  1.04  1.05  1.11  1.17  1.04 
 0.98  0.93  1.08  0.91  0.98  1.20  0.89  1.04  1.12  0.93  1.05  1.14  0.82  0.94  1.01  0.99  0.92  1.18  0.97  1.00  1.04  0.82  0.93  1.15  0.81  0.96  1.15 
 0.89  0.92  0.83  0.91  0.87  0.82  0.90  0.98  0.85  1.04  1.05  1.06  1.08  1.09  0.98  1.04  1.06  0.94  1.04  1.10  1.02  1.00  1.15  1.16  1.06  1.11  1.01 
 0.89  1.09  1.01  0.99  1.02  1.10  0.97  0.93  1.05  1.00  1.05  1.13  0.86  1.03  1.18  0.80  0.95  1.01  0.96  0.97  1.15  0.94  0.90  1.08  0.95  1.00  1.13 
 0.93  0.98  0.80  0.94  0.93  0.94  0.94  0.92  0.92  1.02  0.93  0.91  1.06  0.92  0.94  1.08  0.97  1.02  1.11  1.10  1.12  1.08  1.16  1.06  1.02  1.09  1.02 
 0.96  0.98  0.96  0.94  0.98  0.99  0.92  0.99  0.98  1.07  0.97  0.91  0.91  1.07  1.05  0.99  1.07  0.90  1.10  1.07  1.03  1.19  1.12  1.01  1.02  1.11  1.02 
 0.88  1.03  1.15  0.88  0.96  1.16  0.95  1.01  1.08  0.87  0.91  1.19  0.81  0.91  1.16  0.94  0.93  1.18  0.84  0.93  1.00  0.81  1.06  1.19  0.88  0.90  1.15 
 0.83  0.98  0.98  0.99  0.95  1.07  1.08  1.18  1.06  0.94  0.86  0.89  1.06  1.08  0.93  1.05  1.14  1.12  0.80  0.84  0.89  0.97  1.02  1.01  1.04  1.05  1.09 
 0.82  0.92  0.80  0.94  1.00  0.81  0.95  0.80  0.89  0.90  1.06  0.99  1.01  0.95  0.93  0.98  1.03  1.01  1.19  1.12  1.04  1.06  1.16  1.14  1.11  1.15  1.17 
 0.92  0.99  1.00  0.88  0.96  0.89  0.92  0.90  0.97  0.96  1.07  1.05  0.93  1.07  1.07  1.01  1.09  1.05  1.04  1.10  1.19  1.07  1.14  1.07  1.04  1.19  1.02 
 0.87  0.84  0.84  0.95  0.84  0.91  0.99  0.81  0.81  0.93  1.09  0.94  1.04  1.04  0.98  0.93  1.00  0.97  1.05  1.08  1.19  1.00  1.09  1.11  1.04  1.03  1.10 
 0.81  0.99  0.93  0.97  0.85  0.94  0.97  1.00  0.97  1.07  1.09  1.09  0.90  1.00  0.94  0.94  1.08  0.93  1.09  1.13  1.09  1.03  1.03  1.18  1.07  1.12  1.04 
 0.91  0.93  0.82  0.97  0.85  0.89  0.82  0.88  0.94  1.00  1.02  1.02  1.07  1.06  1.00  1.08  0.93  1.09  1.01  1.00  1.08  1.17  1.11  1.17  1.17  1.19  1.02 
 0.92  0.90  0.81  0.91  0.81  0.81  0.89  0.83  0.81  0.97  0.96  0.92  0.96  1.08  0.98  0.96  0.91  0.94  1.19  1.17  1.04  1.13  1.13  1.08  1.15  1.02  1.12 
 0.87  0.93  0.84  0.96  0.97  0.87  0.94  0.86  0.82  1.10  1.09  1.05  0.93  1.09  0.98  1.01  0.97  0.93  1.07  1.16  1.01  1.13  1.04  1.10  1.19  1.03  1.09 
 0.87  0.93  0.89  1.00  0.96  0.81  0.84  0.91  0.90  0.99  0.92  0.94  1.06  1.02  0.98  0.93  0.93  0.93  1.03  1.17  1.03  1.05  1.03  1.11  1.15  1.03  1.05 
 0.81  1.00  0.99  0.90  0.80  0.96  0.94  0.81  0.98  1.05  1.05  0.95  1.03  1.05  1.09  0.98  1.10  1.01  1.11  1.08  1.01  1.18  1.10  1.00  1.19  1.13  1.11 
 0.97  0.83  0.96  0.82  0.81  0.94  1.00  0.89  0.93  0.90  0.98  0.94  0.94  1.07  0.90  0.93  0.92  1.05  1.09  1.06  1.09  1.08  1.01  1.11  1.09  1.15  1.12 
 0.92  0.88  0.83  0.99  0.91  0.85  0.99  0.85  0.83  1.08  0.96  1.06  1.09  1.04  0.92  0.93  1.09  1.00  1.13  1.15  1.16  1.13  1.20  1.12  1.11  1.16  1.10 
 0.80  0.96  0.93  0.94  0.83  0.82  0.92  0.82  0.81  0.99  1.05  0.98  0.95  1.08  1.03  0.91  1.04  0.98  1.06  1.06  1.01  1.12  1.00  1.03  1.20  1.06  1.01 
 0.88  0.83  0.98  0.89  0.85  0.87  0.86  0.97  0.95  1.05  0.98  1.00  0.90  0.97  1.06  1.04  1.00  0.97  1.14  1.02  1.11  1.06  1.01  1.08  1.12  1.08  1.00 
 0.90  0.97  0.89  0.94  0.97  0.88  0.83  0.95  0.90  0.96  0.92  0.92  0.92  0.98  0.93  1.08  0.99  1.08  1.19  1.07  1.10  1.03  1.14  1.16  1.18  1.08  1.08 
 0.82  0.95  0.96  0.92  0.96  0.99  0.96  0.92  0.91  0.91  0.95  1.05  1.02  1.09  0.96  1.01  1.08  0.99  1.08  1.11  1.13  1.16  1.18  1.08  1.13  1.04  1.11 
 0.90  0.84  0.86  0.91  0.87  0.95  0.84  0.80  0.83  0.91  1.07  0.93  0.91  1.01  0.91  0.91  1.03  1.05  1.04  1.02  1.09  1.04  1.06  1.08  1.14  1.16  1.18 
 0.85  0.88  0.83  0.87  0.82  0.84  0.99  0.99  0.86  1.05  1.05  0.94  0.98  0.91  1.05  0.91  0.98  1.08  1.19  1.15  1.13  1.10  1.18  1.11  1.16  1.05  1.16 
 0.99  0.93  0.87  0.92  0.89  0.84  0.98  0.87  0.90  1.03  1.08  0.92  1.09  0.96  0.94  1.08  0.95  0.96  1.18  1.15  1.20  1.02  1.14  1.18  1.10  1.16  1.03 
 0.88  0.95  0.91  0.99  0.97  0.94  0.91  0.93  0.81  1.01  0.94  0.91  1.08  0.93  1.08  1.05  1.05  1.01  1.01  1.05  1.03  1.15  1.10  1.01  1.07  1.10  1.16 
 0.81  0.94  0.97  0.84  0.85  0.83  0.90  0.89  0.92  1.04  1.01  0.95  1.10  0.97  0.93  0.93  1.02  1.04  1.13  1.07  1.18  1.20  1.03  1.10  1.07  1.16  1.06 
 0.88  0.87  0.96  0.82  0.98  0.90  0.83  0.88  0.90  1.02  0.93  1.00  1.04  1.07  1.03  0.95  0.96  1.08  1.16  1.02  1.17  1.07  1.01  1.00  1.07  1.07  1.17 
 1.00  0.94  0.83  0.89  0.87  0.80  0.95  0.98  0.83  0.90  1.02  1.08  1.01  0.96  0.99  0.99  0.91  1.02  1.14  1.11  1.18  1.14  1.16  1.12  1.11  1.03  1.13 
 0.88  0.98  0.96  0.99  0.94  0.96  0.81  0.94  0.98  1.10  1.04  1.07  1.03  1.05  0.91  1.07  1.00  0.94  1.11  1.06  1.14  1.06  1.05  1.00  1.06  1.10  1.03 
 0.91  0.84  0.96  0.88  1.00  0.99  0.87  0.84  0.84  0.95  0.93  1.01  1.04  1.05  1.00  0.99  0.95  1.02  1.18  1.16  1.09  1.13  1.07  1.11  1.20  1.12  1.03 
 0.99  0.94  0.82  0.96  0.92  0.96  0.85  0.89  0.82  0.91  1.09  1.09  0.99  0.92  0.96  0.91  0.96  1.03  1.14  1.17  1.11  1.12  1.17  1.17  1.09  1.10  1.04 
 0.86  0.93  0.86  0.96  0.89  0.94  0.89  0.81  1.00  1.04  0.96  0.95  1.01  1.04  0.92  0.96  1.04  0.93  1.13  1.07  1.05  1.09  1.07  1.05  1.17  1.01  1.15 
 0.89  0.97  0.97  0.85  0.94  0.90  0.98  0.90  0.81  0.97  1.04  1.04  0.93  1.01  1.08  0.94  0.94  1.02  1.18  1.01  1.03  1.12  1.17  1.17  1.18  1.17  1.16 
 0.86  0.93  0.93  0.88  0.93  0.97  0.81  0.82  0.83  1.04  1.00  1.07  1.02  0.93  0.99  0.95  0.93  1.06  1.05  1.16  1.04  1.11  1.14  1.13  1.20  1.10  1.03 
 0.97  0.94  0.81  0.90  0.80  0.89  1.00  0.99  0.87  1.08  1.09  0.97  0.91  0.92  1.03  1.05  0.99  0.95  1.16  1.05  1.12  1.18  1.11  1.17  1.01  1.04  1.07 
 0.95  0.90  0.91  0.86  0.84  0.80  0.91  0.84  0.86  0.93  0.99  1.00  1.02  1.07  1.06  1.06  0.92  0.90  1.13  1.13  1.20  1.02  1.16  1.16  1.09  1.13  1.12 
 0.95  0.81  0.99  0.93  0.93  0.99  0.91  0.95  0.89  0.98  0.93  1.07  0.97  1.06  1.09  0.94  1.04  0.95  1.08  1.10  1.09  1.10  1.11  1.11  1.09  1.03  1.08 
 0.93  0.91  0.97  0.88  0.82  0.83  0.87  0.89  0.95  1.07  0.93  0.90  0.90  0.92  1.01  1.09  1.06  1.04  1.02  1.08  1.03  1.04  1.19  1.00  1.14  1.02  1.18 
Probabilities
0.0315
0.0192
0.0141
0.0302
0.0184
0.0135
0.0279
0.0170
0.0124
0.0463
0.0282
0.0207
0.0444
0.0271
0.0198
0.0409
0.0249
0.0183
0.0932
0.0569
0.0417
0.0894
0.0545
0.0400
0.0824
0.0502
0.0368
