Iteration	expexted_value	risk	lambda
1	0.000	3289.565	0.000
2	0.000	2666.130	0.000
3	0.000	2801.238	0.000
4	0.000	3234.940	0.000
5	0.000	2506.214	0.000
6	0.000	2987.866	0.000
7	0.000	3067.299	0.000
8	0.000	3358.742	0.000
9	0.000	3501.498	0.000
10	0.000	2903.284	0.000
11	0.000	2991.854	0.000
12	0.000	3140.783	0.000
13	0.000	3700.077	0.000
14	0.000	3771.747	0.000
15	0.000	3165.093	0.000
16	0.000	2782.771	0.000
17	0.000	2758.727	0.000
18	0.000	3043.019	0.000
19	0.000	3045.325	0.000
20	0.000	3725.217	0.000
21	0.000	3393.808	0.000
22	0.000	3328.750	0.000
23	0.000	3229.406	0.000
24	0.000	3170.804	0.000
25	0.000	3168.077	0.000
26	0.000	2960.447	0.000
27	0.000	2958.702	0.000
28	0.000	3385.287	0.000
29	0.000	3605.293	0.000
30	0.000	3443.821	0.000
31	0.000	3580.421	0.000
32	0.000	3229.201	0.000
33	0.000	3476.926	0.000
34	0.000	3564.215	0.000
35	0.000	3331.656	0.000
36	0.000	3331.656	0.000
37	0.000	3429.814	0.000
38	0.000	3429.814	0.000
39	0.000	3278.368	0.000
40	0.000	3215.641	0.000
41	0.000	3215.641	0.000
42	0.000	3376.538	0.000
43	0.000	3376.538	0.000
44	0.000	3376.538	0.000
45	0.000	3376.538	0.000
46	0.000	3202.872	0.000
47	0.000	2992.477	0.000
48	0.000	2992.477	0.000
49	0.000	2992.477	0.000
1	820.205	3223.774	0.020
2	771.405	2612.807	0.020
3	791.951	2745.213	0.020
4	843.801	3170.241	0.020
5	748.169	2456.090	0.020
6	789.455	2928.109	0.020
7	846.279	3005.953	0.020
8	846.382	3391.071	0.020
9	893.473	3312.534	0.020
10	867.645	3432.291	0.020
11	850.462	3250.436	0.020
12	782.953	3010.789	0.020
13	817.149	3101.791	0.020
14	884.069	3036.660	0.020
15	842.799	3696.312	0.020
16	878.478	2909.695	0.020
17	846.535	3096.356	0.020
18	829.971	2727.116	0.020
19	892.366	3112.385	0.020
20	827.712	2984.419	0.020
21	886.770	3650.713	0.020
22	889.940	3177.331	0.020
23	874.124	3325.932	0.020
24	907.161	3262.175	0.020
25	948.516	3130.454	0.020
26	912.891	3205.796	0.020
27	968.908	3115.394	0.020
28	971.766	2935.263	0.020
29	892.820	2862.796	0.020
30	984.074	3236.634	0.020
31	977.265	3134.859	0.020
32	989.602	3124.971	0.020
33	989.602	3124.971	0.020
34	895.558	2921.015	0.020
35	898.416	2832.963	0.020
36	862.322	2932.628	0.020
37	856.059	2791.846	0.020
38	834.940	2875.020	0.020
39	847.659	2711.191	0.020
40	860.033	2754.193	0.020
41	849.740	2930.758	0.020
42	862.491	3409.691	0.020
43	820.797	2534.205	0.020
44	875.958	3131.274	0.020
45	945.081	3305.763	0.020
46	897.362	3558.035	0.020
47	893.420	2997.916	0.020
48	953.520	4164.942	0.020
49	953.520	4164.942	0.020
1	1640.410	3157.982	0.040
2	1542.811	2559.485	0.040
3	1583.901	2689.188	0.040
4	1687.602	3105.542	0.040
5	1496.338	2405.966	0.040
6	1578.910	2868.351	0.040
7	1692.558	2944.607	0.040
8	1692.763	3321.865	0.040
9	1786.946	3244.931	0.040
10	1735.289	3362.244	0.040
11	1700.924	3184.101	0.040
12	1565.906	2949.344	0.040
13	1634.298	3038.489	0.040
14	1768.139	2974.687	0.040
15	1685.598	3620.877	0.040
16	1756.956	2850.313	0.040
17	1693.069	3033.165	0.040
18	1659.943	2671.460	0.040
19	1784.733	3048.867	0.040
20	1655.424	2923.512	0.040
21	1773.539	3576.208	0.040
22	1748.249	3258.056	0.040
23	1814.322	3195.600	0.040
24	1897.032	3066.567	0.040
25	1756.985	2837.619	0.040
26	1937.815	3051.815	0.040
27	1943.532	2875.360	0.040
28	1785.639	2804.372	0.040
29	1968.148	3170.581	0.040
30	1954.531	3070.882	0.040
31	1979.203	3061.196	0.040
32	1979.203	3061.196	0.040
33	1986.853	3339.616	0.040
34	1909.188	3372.375	0.040
35	1909.188	3372.375	0.040
36	1909.188	3372.375	0.040
37	2011.487	3211.141	0.040
38	2011.487	3211.141	0.040
39	2011.487	3211.141	0.040
40	1831.944	3232.632	0.040
41	2028.693	3178.775	0.040
42	2030.025	3386.577	0.040
43	2125.903	3250.391	0.040
44	2088.787	3105.346	0.040
45	1884.770	3142.884	0.040
46	1884.770	3142.884	0.040
47	1884.770	3142.884	0.040
48	1884.770	3142.884	0.040
49	1791.115	2861.403	0.040
1	2460.615	3092.191	0.060
2	2314.216	2506.162	0.060
3	2375.852	2633.164	0.060
4	2531.403	3040.843	0.060
5	2680.420	3177.329	0.060
6	2512.174	2811.371	0.060
7	2558.134	2890.471	0.060
8	2244.508	2355.841	0.060
9	2368.364	2808.594	0.060
10	2538.837	2883.261	0.060
11	2722.140	3157.217	0.060
12	2551.786	3291.408	0.060
13	2415.385	2641.516	0.060
14	2451.447	2975.187	0.060
15	2526.200	2520.222	0.060
16	2680.035	2914.637	0.060
17	2521.103	2922.644	0.060
18	2485.105	2980.669	0.060
19	2483.136	2862.606	0.060
20	2660.309	3501.704	0.060
21	2588.875	2860.438	0.060
22	2593.202	2878.600	0.060
23	2765.042	4202.392	0.060
24	2727.859	3081.666	0.060
25	2542.501	2734.711	0.060
26	2542.501	2734.711	0.060
27	2396.763	2860.588	0.060
28	2396.763	2860.588	0.060
29	2396.763	2860.588	0.060
30	2579.762	2823.410	0.060
31	2560.720	3170.318	0.060
32	2617.360	2952.336	0.060
33	2712.569	2812.342	0.060
34	2644.515	3391.945	0.060
35	2568.176	2677.893	0.060
36	2670.777	3773.027	0.060
37	2667.002	3237.192	0.060
38	2688.163	3377.483	0.060
39	2601.933	2698.879	0.060
40	2745.749	2961.426	0.060
41	2745.749	2961.426	0.060
42	2588.566	2614.643	0.060
43	2588.566	2614.643	0.060
44	2462.391	2430.768	0.060
45	2627.873	3003.467	0.060
46	2835.243	3170.834	0.060
47	2671.100	3406.204	0.060
48	2464.558	2487.348	0.060
49	2464.558	2487.348	0.060
1	3280.820	3026.400	0.080
2	3085.622	2452.839	0.080
3	3167.802	2577.139	0.080
4	3375.204	2976.145	0.080
5	3573.893	3109.726	0.080
6	3349.566	2751.554	0.080
7	3424.454	2661.129	0.080
8	3220.513	2585.313	0.080
9	3268.596	2911.885	0.080
10	3368.267	2466.600	0.080
11	3448.351	2846.887	0.080
12	3385.534	2890.609	0.080
13	3385.527	3183.454	0.080
14	2992.677	2305.717	0.080
15	3211.175	3127.114	0.080
16	3323.442	2624.806	0.080
17	3629.520	3090.043	0.080
18	3561.039	2861.088	0.080
19	3390.001	2676.526	0.080
20	3386.139	2906.783	0.080
21	3386.139	2906.783	0.080
22	3604.937	2890.946	0.080
23	3604.937	2890.946	0.080
24	3500.874	2671.021	0.080
25	3500.874	2671.021	0.080
26	3500.874	2671.021	0.080
27	3319.886	2560.149	0.080
28	3319.886	2560.149	0.080
29	3319.886	2560.149	0.080
30	3319.886	2560.149	0.080
31	3319.886	2560.149	0.080
32	3319.886	2560.149	0.080
33	3423.008	2897.219	0.080
34	3665.609	3316.359	0.080
35	3449.287	2753.079	0.080
36	3420.871	2726.215	0.080
37	3420.871	2726.215	0.080
38	3420.871	2726.215	0.080
39	3355.412	2794.544	0.080
40	3355.412	2794.544	0.080
41	3661.667	2664.207	0.080
42	3513.971	2719.385	0.080
43	3875.630	2924.656	0.080
44	3887.064	2755.553	0.080
45	3571.278	2687.523	0.080
46	3936.297	3038.473	0.080
47	3582.230	2742.178	0.080
48	3582.230	2742.178	0.080
49	3582.230	2742.178	0.080
1	4101.025	2960.608	0.100
2	3857.027	2399.517	0.100
3	3959.753	2521.114	0.100
4	4219.006	2911.446	0.100
5	4467.366	3042.123	0.100
6	4186.957	2691.738	0.100
7	4280.568	2603.279	0.100
8	4025.641	2529.111	0.100
9	4085.745	2848.584	0.100
10	4210.334	2412.979	0.100
11	4310.438	2784.998	0.100
12	4231.917	2827.769	0.100
13	4231.908	3114.248	0.100
14	3740.846	2255.593	0.100
15	4013.969	3059.133	0.100
16	4154.303	2567.745	0.100
17	4536.901	3022.868	0.100
18	4451.299	2798.891	0.100
19	4237.501	2618.340	0.100
20	4232.674	2843.592	0.100
21	4232.674	2843.592	0.100
22	4506.171	2828.100	0.100
23	4506.171	2828.100	0.100
24	4376.093	2612.955	0.100
25	4376.093	2612.955	0.100
26	4376.093	2612.955	0.100
27	4049.357	2585.026	0.100
28	4049.357	2585.026	0.100
29	4049.357	2585.026	0.100
30	4049.357	2585.026	0.100
31	4049.357	2585.026	0.100
32	4049.357	2585.026	0.100
33	4049.357	2585.026	0.100
34	4311.608	2693.230	0.100
35	4026.576	2499.111	0.100
36	4401.158	3100.223	0.100
37	4245.353	2810.874	0.100
38	4443.195	3271.579	0.100
39	4300.164	2529.361	0.100
40	4334.578	2964.845	0.100
41	4174.699	2640.325	0.100
42	4601.346	3021.870	0.100
43	4556.252	2944.227	0.100
44	4556.252	2944.227	0.100
45	4556.252	2944.227	0.100
46	4556.252	2944.227	0.100
47	4556.252	2944.227	0.100
48	4556.252	2944.227	0.100
49	4556.252	2944.227	0.100
1	4921.230	2894.817	0.120
2	4628.432	2346.194	0.120
3	4751.704	2465.089	0.120
4	5062.807	2846.747	0.120
5	5360.839	2974.520	0.120
6	5024.349	2631.922	0.120
7	5136.681	2545.428	0.120
8	4830.769	2472.908	0.120
9	4902.894	2785.282	0.120
10	5052.401	2359.357	0.120
11	5172.526	2723.109	0.120
12	5078.301	2764.930	0.120
13	5078.290	3045.043	0.120
14	4489.015	2205.469	0.120
15	4816.763	2991.152	0.120
16	4985.163	2510.684	0.120
17	5444.281	2955.693	0.120
18	5341.559	2736.693	0.120
19	5085.001	2560.155	0.120
20	5079.208	2780.401	0.120
21	5079.208	2780.401	0.120
22	5407.406	2765.253	0.120
23	5407.406	2765.253	0.120
24	5251.311	2554.890	0.120
25	5251.311	2554.890	0.120
26	5251.311	2554.890	0.120
27	4859.228	2527.581	0.120
28	4859.228	2527.581	0.120
29	4859.228	2527.581	0.120
30	4859.228	2527.581	0.120
31	4859.228	2527.581	0.120
32	4859.228	2527.581	0.120
33	4859.228	2527.581	0.120
34	5173.930	2633.380	0.120
35	4831.892	2443.576	0.120
36	5281.389	3031.329	0.120
37	5094.424	2748.410	0.120
38	5331.834	3198.877	0.120
39	5160.197	2473.153	0.120
40	5201.493	2898.959	0.120
41	5009.639	2581.651	0.120
42	5521.615	2954.718	0.120
43	5467.503	2878.799	0.120
44	5467.503	2878.799	0.120
45	5467.503	2878.799	0.120
46	5467.503	2878.799	0.120
47	5467.503	2878.799	0.120
48	5467.503	2878.799	0.120
49	5467.503	2878.799	0.120
1	5741.435	2829.026	0.140
2	5399.838	2292.872	0.140
3	5543.654	2409.065	0.140
4	5906.608	2782.048	0.140
5	6254.313	2906.918	0.140
6	5924.672	2975.837	0.140
7	5237.185	2155.344	0.140
8	5619.557	2923.172	0.140
9	5816.024	2453.623	0.140
10	6060.515	2667.324	0.140
11	6351.661	2888.518	0.140
12	6351.661	2888.518	0.140
13	5992.795	2487.577	0.140
14	5635.897	2416.706	0.140
15	5720.043	2721.980	0.140
16	5894.468	2305.735	0.140
17	6034.614	2661.221	0.140
18	6126.530	2496.824	0.140
19	5925.743	2717.210	0.140
20	5932.502	2501.970	0.140
21	6329.327	2572.994	0.140
22	5871.971	2612.291	0.140
23	5871.971	2612.291	0.140
24	6407.918	2490.455	0.140
25	6149.449	2542.034	0.140
26	6782.353	2733.917	0.140
27	6802.361	2575.843	0.140
28	7029.784	2691.160	0.140
29	7029.784	2691.160	0.140
30	7021.326	2772.864	0.140
31	7021.326	2772.864	0.140
32	7021.326	2772.864	0.140
33	7021.326	2772.864	0.140
34	7100.426	2847.652	0.140
35	6894.549	2915.626	0.140
36	6894.549	2915.626	0.140
37	7326.069	2852.700	0.140
38	6541.810	2780.384	0.140
39	7440.661	2911.809	0.140
40	7105.088	3033.809	0.140
41	7105.088	3033.809	0.140
42	7105.088	3033.809	0.140
43	6596.694	2815.500	0.140
44	6596.694	2815.500	0.140
45	6894.769	3039.417	0.140
46	6894.769	3039.417	0.140
47	6894.769	3039.417	0.140
48	6894.769	3039.417	0.140
49	6894.769	3039.417	0.140
1	6561.640	2763.235	0.160
2	6171.243	2239.549	0.160
3	6335.605	2353.040	0.160
4	6750.409	2717.349	0.160
5	7147.786	2839.315	0.160
6	6771.053	2906.632	0.160
7	5985.354	2105.220	0.160
8	6422.351	2855.191	0.160
9	6646.884	2396.562	0.160
10	6926.303	2605.293	0.160
11	7259.041	2821.343	0.160
12	7259.041	2821.343	0.160
13	6848.908	2429.727	0.160
14	6441.025	2360.504	0.160
15	6537.192	2658.678	0.160
16	6736.534	2252.113	0.160
17	6896.701	2599.332	0.160
18	7001.748	2438.758	0.160
19	6772.278	2654.019	0.160
20	6780.002	2443.784	0.160
21	7233.517	2513.157	0.160
22	6710.824	2551.540	0.160
23	7323.334	2432.537	0.160
24	7323.334	2432.537	0.160
25	7323.334	2432.537	0.160
26	6391.368	2556.270	0.160
27	6391.368	2556.270	0.160
28	6391.368	2556.270	0.160
29	6391.368	2556.270	0.160
30	6391.368	2556.270	0.160
31	6391.368	2556.270	0.160
32	6391.368	2556.270	0.160
33	6841.743	2489.153	0.160
34	7290.003	2747.945	0.160
35	7290.003	2747.945	0.160
36	7536.049	3200.707	0.160
37	6789.275	2298.119	0.160
38	6809.079	2588.830	0.160
39	6809.079	2588.830	0.160
40	6572.154	2222.736	0.160
41	6785.657	2428.204	0.160
42	6626.946	2663.576	0.160
43	6621.696	2558.073	0.160
44	7112.004	2892.810	0.160
45	7044.770	2935.758	0.160
46	6679.518	2464.303	0.160
47	6679.518	2464.303	0.160
48	6679.518	2464.303	0.160
49	6679.518	2464.303	0.160
1	7381.845	2697.443	0.180
2	6942.649	2186.226	0.180
3	7127.555	2297.015	0.180
4	7594.210	2652.651	0.180
5	8041.259	2771.712	0.180
6	7617.435	2837.426	0.180
7	6733.523	2055.096	0.180
8	7225.144	2787.210	0.180
9	7477.745	2339.501	0.180
10	7792.091	2543.262	0.180
11	8166.421	2754.168	0.180
12	8166.421	2754.168	0.180
13	7705.022	2371.876	0.180
14	7246.154	2304.301	0.180
15	7354.341	2595.376	0.180
16	7578.601	2198.492	0.180
17	7758.789	2537.443	0.180
18	7876.967	2380.693	0.180
19	7618.812	2590.829	0.180
20	7627.502	2385.599	0.180
21	8137.706	2453.320	0.180
22	7549.677	2490.789	0.180
23	8238.751	2374.620	0.180
24	8238.751	2374.620	0.180
25	8238.751	2374.620	0.180
26	7190.288	2495.407	0.180
27	7190.288	2495.407	0.180
28	7190.288	2495.407	0.180
29	7190.288	2495.407	0.180
30	7190.288	2495.407	0.180
31	7190.288	2495.407	0.180
32	7190.288	2495.407	0.180
33	7696.961	2429.887	0.180
34	8201.254	2682.518	0.180
35	8201.254	2682.518	0.180
36	8478.055	3124.499	0.180
37	7637.934	2243.402	0.180
38	7660.213	2527.191	0.180
39	7660.213	2527.191	0.180
40	8216.386	2546.257	0.180
41	8216.386	2546.257	0.180
42	8216.386	2546.257	0.180
43	8216.386	2546.257	0.180
44	8216.386	2546.257	0.180
45	8216.386	2546.257	0.180
46	8216.386	2546.257	0.180
47	7531.070	3041.500	0.180
48	7851.941	2427.566	0.180
49	7658.666	2860.965	0.180
1	8202.050	2631.652	0.200
2	7714.054	2132.904	0.200
3	7919.506	2240.990	0.200
4	7989.209	2434.543	0.200
5	8051.282	2248.099	0.200
6	8460.139	2845.278	0.200
7	8751.658	2406.799	0.200
8	8930.835	2477.323	0.200
9	8386.349	2436.385	0.200
10	8367.856	2967.317	0.200
11	8367.856	2967.317	0.200
12	8803.064	3056.820	0.200
13	8475.002	2327.414	0.200
14	8475.002	2327.414	0.200
15	8752.186	2322.627	0.200
16	8752.186	2322.627	0.200
17	8752.186	2322.627	0.200
18	8557.520	2519.320	0.200
19	8595.158	2407.554	0.200
20	8388.530	2430.038	0.200
21	9154.168	2316.702	0.200
22	8784.927	2364.683	0.200
23	9689.076	2543.179	0.200
24	9717.659	2396.133	0.200
25	10042.549	2503.405	0.200
26	10042.549	2503.405	0.200
27	10030.465	2579.408	0.200
28	10030.465	2579.408	0.200
29	10030.465	2579.408	0.200
30	10030.465	2579.408	0.200
31	10143.466	2648.979	0.200
32	9849.356	2712.210	0.200
33	9849.356	2712.210	0.200
34	8955.576	2384.502	0.200
35	8955.576	2384.502	0.200
36	8955.576	2384.502	0.200
37	8955.576	2384.502	0.200
38	7938.030	2148.747	0.200
39	7481.692	2004.971	0.200
40	8276.883	2199.079	0.200
41	8463.835	2513.573	0.200
42	8984.140	2425.032	0.200
43	8934.732	2704.109	0.200
44	8824.115	2377.346	0.200
45	8509.629	2791.185	0.200
46	8509.629	2791.185	0.200
47	8509.629	2791.185	0.200
48	8509.629	2791.185	0.200
49	9034.761	2449.249	0.200
1	9022.255	2565.861	0.220
2	8485.459	2079.581	0.220
3	8711.457	2184.966	0.220
4	8788.130	2373.679	0.220
5	8856.410	2191.896	0.220
6	9306.153	2774.146	0.220
7	9626.824	2346.629	0.220
8	9823.919	2415.390	0.220
9	9224.984	2375.475	0.220
10	9204.641	2893.134	0.220
11	9204.641	2893.134	0.220
12	9683.370	2980.399	0.220
13	9322.503	2269.228	0.220
14	9322.503	2269.228	0.220
15	9627.404	2264.561	0.220
16	9627.404	2264.561	0.220
17	9627.404	2264.561	0.220
18	9413.272	2456.337	0.220
19	9454.674	2347.365	0.220
20	9227.383	2369.287	0.220
21	10069.585	2258.784	0.220
22	9663.420	2305.566	0.220
23	10657.983	2479.599	0.220
24	9851.133	2324.890	0.220
25	9851.133	2324.890	0.220
26	9851.133	2324.890	0.220
27	9851.133	2324.890	0.220
28	8731.833	2095.029	0.220
29	8229.862	1954.847	0.220
30	9104.571	2144.102	0.220
31	9310.218	2450.733	0.220
32	9882.554	2364.406	0.220
33	9828.206	2636.507	0.220
34	9706.527	2317.912	0.220
35	9360.592	2721.405	0.220
36	9379.826	2398.476	0.220
37	9310.198	2699.015	0.220
38	9310.198	2699.015	0.220
39	9310.198	2699.015	0.220
40	9310.198	2699.015	0.220
41	9485.538	2334.132	0.220
42	9407.397	2311.356	0.220
43	9335.253	2133.967	0.220
44	9362.483	2403.913	0.220
45	10211.559	2561.753	0.220
46	10211.559	2561.753	0.220
47	10211.559	2561.753	0.220
48	10211.559	2561.753	0.220
49	10211.559	2561.753	0.220
1	9842.460	2500.069	0.240
2	9256.865	2026.259	0.240
3	9503.407	2128.941	0.240
4	9587.051	2312.816	0.240
5	9661.538	2135.694	0.240
6	10152.167	2703.015	0.240
7	10501.990	2286.459	0.240
8	10717.003	2353.457	0.240
9	10063.618	2314.565	0.240
10	10041.427	2818.951	0.240
11	10041.427	2818.951	0.240
12	10563.677	2903.979	0.240
13	10170.003	2211.043	0.240
14	10170.003	2211.043	0.240
15	10502.623	2206.496	0.240
16	10502.623	2206.496	0.240
17	10502.623	2206.496	0.240
18	10269.024	2393.354	0.240
19	10314.190	2287.176	0.240
20	10066.236	2308.536	0.240
21	10985.002	2200.867	0.240
22	10541.913	2246.449	0.240
23	11626.891	2416.020	0.240
24	10746.691	2265.277	0.240
25	10746.691	2265.277	0.240
26	10746.691	2265.277	0.240
27	10746.691	2265.277	0.240
28	9525.636	2041.310	0.240
29	8978.031	1904.723	0.240
30	9932.259	2089.125	0.240
31	10156.602	2387.894	0.240
32	10780.968	2303.781	0.240
33	10721.679	2568.904	0.240
34	10588.938	2258.479	0.240
35	10211.555	2651.626	0.240
36	10232.537	2336.976	0.240
37	10156.580	2629.810	0.240
38	10156.580	2629.810	0.240
39	10156.580	2629.810	0.240
40	10156.580	2629.810	0.240
41	10347.860	2274.283	0.240
42	10262.614	2252.090	0.240
43	10183.912	2079.250	0.240
44	10213.618	2342.274	0.240
45	11139.883	2496.067	0.240
46	11139.883	2496.067	0.240
47	11139.883	2496.067	0.240
48	11139.883	2496.067	0.240
49	11139.883	2496.067	0.240
1	10662.665	2434.278	0.260
2	10028.270	1972.936	0.260
3	10295.358	2072.916	0.260
4	10385.972	2251.952	0.260
5	10466.666	2079.491	0.260
6	10998.181	2631.883	0.260
7	11377.156	2226.289	0.260
8	11610.086	2291.524	0.260
9	10902.253	2253.656	0.260
10	10878.212	2744.768	0.260
11	10878.212	2744.768	0.260
12	11443.983	2827.558	0.260
13	11017.503	2152.858	0.260
14	11017.503	2152.858	0.260
15	11377.841	2148.430	0.260
16	11377.841	2148.430	0.260
17	11377.841	2148.430	0.260
18	11124.776	2330.371	0.260
19	11173.705	2226.987	0.260
20	10905.089	2247.785	0.260
21	11900.418	2142.949	0.260
22	11420.405	2187.332	0.260
23	12595.798	2352.440	0.260
24	11642.248	2205.665	0.260
25	11642.248	2205.665	0.260
26	11642.248	2205.665	0.260
27	11642.248	2205.665	0.260
28	10319.439	1987.591	0.260
29	9726.200	1854.599	0.260
30	10759.947	2034.148	0.260
31	11002.985	2325.055	0.260
32	11679.382	2243.155	0.260
33	11615.152	2501.301	0.260
34	11471.350	2199.045	0.260
35	11062.518	2581.846	0.260
36	11085.249	2275.477	0.260
37	11002.961	2560.604	0.260
38	11002.961	2560.604	0.260
39	11002.961	2560.604	0.260
40	11002.961	2560.604	0.260
41	11210.181	2214.433	0.260
42	11117.832	2192.825	0.260
43	11032.571	2024.533	0.260
44	11064.753	2280.636	0.260
45	12068.206	2430.381	0.260
46	12068.206	2430.381	0.260
47	12068.206	2430.381	0.260
48	12068.206	2430.381	0.260
49	12068.206	2430.381	0.260
1	11482.870	2368.487	0.280
2	10799.675	1919.613	0.280
3	11087.308	2016.891	0.280
4	11184.893	2191.089	0.280
5	11271.795	2023.289	0.280
6	11844.195	2560.751	0.280
7	12252.321	2166.119	0.280
8	12503.170	2229.590	0.280
9	11740.888	2192.746	0.280
10	11714.998	2670.585	0.280
11	11714.998	2670.585	0.280
12	12324.289	2751.138	0.280
13	11865.003	2094.672	0.280
14	11865.003	2094.672	0.280
15	12253.060	2090.364	0.280
16	12253.060	2090.364	0.280
17	12253.060	2090.364	0.280
18	11980.528	2267.388	0.280
19	12033.221	2166.798	0.280
20	11743.942	2187.034	0.280
21	12815.835	2085.032	0.280
22	12298.898	2128.214	0.280
23	13564.706	2288.861	0.280
24	12537.806	2146.052	0.280
25	12537.806	2146.052	0.280
26	12537.806	2146.052	0.280
27	12537.806	2146.052	0.280
28	11113.242	1933.873	0.280
29	10474.369	1804.474	0.280
30	11587.636	1979.171	0.280
31	11849.369	2262.215	0.280
32	12577.795	2182.529	0.280
33	12508.625	2433.698	0.280
34	12353.761	2139.611	0.280
35	11913.481	2512.067	0.280
36	11937.960	2213.978	0.280
37	11849.343	2491.399	0.280
38	11849.343	2491.399	0.280
39	11849.343	2491.399	0.280
40	11849.343	2491.399	0.280
41	12072.503	2154.584	0.280
42	11973.050	2133.559	0.280
43	11881.231	1969.816	0.280
44	11915.888	2218.997	0.280
45	12996.530	2364.695	0.280
46	12996.530	2364.695	0.280
47	12996.530	2364.695	0.280
48	12996.530	2364.695	0.280
49	12996.530	2364.695	0.280
1	12303.075	2302.695	0.300
2	11571.081	1866.291	0.300
3	11879.259	1960.867	0.300
4	11983.814	2130.225	0.300
5	12076.923	1967.086	0.300
6	12690.208	2489.619	0.300
7	13127.487	2105.949	0.300
8	13396.253	2167.657	0.300
9	12579.523	2131.837	0.300
10	12551.783	2596.402	0.300
11	12551.783	2596.402	0.300
12	13204.596	2674.717	0.300
13	12712.503	2036.487	0.300
14	12712.503	2036.487	0.300
15	13128.278	2032.299	0.300
16	13128.278	2032.299	0.300
17	13128.278	2032.299	0.300
18	12836.280	2204.405	0.300
19	12892.737	2106.609	0.300
20	12582.795	2126.283	0.300
21	13731.252	2027.114	0.300
22	13177.391	2069.097	0.300
23	14533.613	2225.281	0.300
24	13433.363	2086.439	0.300
25	13433.363	2086.439	0.300
26	13433.363	2086.439	0.300
27	13433.363	2086.439	0.300
28	11907.045	1880.154	0.300
29	11222.539	1754.350	0.300
30	12415.324	1924.194	0.300
31	12695.752	2199.376	0.300
32	12695.725	2422.193	0.300
33	13402.099	2366.096	0.300
34	13236.173	2080.178	0.300
35	12764.444	2442.287	0.300
36	12790.672	2152.478	0.300
37	12790.672	2152.478	0.300
38	12790.672	2152.478	0.300
39	12790.672	2152.478	0.300
40	13552.142	2143.093	0.300
41	12934.824	2094.734	0.300
42	12934.824	2094.734	0.300
43	12934.824	2094.734	0.300
44	13693.977	2173.634	0.300
45	13924.854	2299.009	0.300
46	13795.450	2496.930	0.300
47	12767.022	2157.358	0.300
48	12767.022	2157.358	0.300
49	12767.022	2157.358	0.300
1	13123.280	2236.904	0.320
2	12342.486	1812.968	0.320
3	12671.210	1904.842	0.320
4	12782.735	2069.362	0.320
5	12882.051	1910.884	0.320
6	13536.222	2418.487	0.320
7	14002.653	2045.779	0.320
8	14289.337	2105.724	0.320
9	13418.158	2070.927	0.320
10	13388.569	2522.219	0.320
11	13388.569	2522.219	0.320
12	14084.902	2598.297	0.320
13	13560.004	1978.302	0.320
14	13560.004	1978.302	0.320
15	14003.497	1974.233	0.320
16	14003.497	1974.233	0.320
17	14003.497	1974.233	0.320
18	13692.032	2141.422	0.320
19	13752.253	2046.421	0.320
20	13421.648	2065.532	0.320
21	14646.669	1969.197	0.320
22	14055.884	2009.980	0.320
23	15502.521	2161.702	0.320
24	14328.921	2026.827	0.320
25	14328.921	2026.827	0.320
26	14328.921	2026.827	0.320
27	14328.921	2026.827	0.320
28	14328.921	2026.827	0.320
29	14328.921	2026.827	0.320
30	14328.921	2026.827	0.320
31	14328.921	2026.827	0.320
32	14328.921	2026.827	0.320
33	14328.921	2026.827	0.320
34	14328.921	2026.827	0.320
35	14328.921	2026.827	0.320
36	14328.921	2026.827	0.320
37	14328.921	2026.827	0.320
38	14328.921	2026.827	0.320
39	14328.921	2026.827	0.320
40	14328.921	2026.827	0.320
41	14328.921	2026.827	0.320
42	14328.921	2026.827	0.320
43	14328.921	2026.827	0.320
44	14328.921	2026.827	0.320
45	14328.921	2026.827	0.320
46	14328.921	2026.827	0.320
47	14328.921	2026.827	0.320
48	14328.921	2026.827	0.320
49	14328.921	2026.827	0.320
1	13943.485	2171.113	0.340
2	13113.892	1759.646	0.340
3	13463.160	1848.817	0.340
4	13581.656	2008.498	0.340
5	13687.179	1854.681	0.340
6	14382.236	2347.355	0.340
7	14877.819	1985.609	0.340
8	15182.420	2043.791	0.340
9	14256.793	2010.017	0.340
10	14225.354	2448.037	0.340
11	14225.354	2448.037	0.340
12	14965.209	2521.876	0.340
13	14407.504	1920.116	0.340
14	14407.504	1920.116	0.340
15	14878.716	1916.167	0.340
16	14878.716	1916.167	0.340
17	14878.716	1916.167	0.340
18	14547.784	2078.439	0.340
19	14611.769	1986.232	0.340
20	14260.501	2004.781	0.340
21	15562.086	1911.279	0.340
22	14934.376	1950.863	0.340
23	16471.428	2098.123	0.340
24	15224.479	1967.214	0.340
25	15224.479	1967.214	0.340
26	15224.479	1967.214	0.340
27	15224.479	1967.214	0.340
28	15224.479	1967.214	0.340
29	15224.479	1967.214	0.340
30	15224.479	1967.214	0.340
31	15224.479	1967.214	0.340
32	15224.479	1967.214	0.340
33	15224.479	1967.214	0.340
34	15224.479	1967.214	0.340
35	15224.479	1967.214	0.340
36	15224.479	1967.214	0.340
37	15224.479	1967.214	0.340
38	15224.479	1967.214	0.340
39	15224.479	1967.214	0.340
40	15224.479	1967.214	0.340
41	15224.479	1967.214	0.340
42	15224.479	1967.214	0.340
43	15224.479	1967.214	0.340
44	15224.479	1967.214	0.340
45	15224.479	1967.214	0.340
46	15224.479	1967.214	0.340
47	15224.479	1967.214	0.340
48	15224.479	1967.214	0.340
49	15224.479	1967.214	0.340
1	14763.690	2105.322	0.360
2	13885.297	1706.323	0.360
3	14255.111	1792.792	0.360
4	14380.577	1947.634	0.360
5	14492.307	1798.479	0.360
6	15228.250	2276.223	0.360
7	15752.985	1925.439	0.360
8	16075.504	1981.858	0.360
9	15095.428	1949.108	0.360
10	15062.140	2373.854	0.360
11	15062.140	2373.854	0.360
12	15845.515	2445.456	0.360
13	15255.004	1861.931	0.360
14	15255.004	1861.931	0.360
15	15753.934	1858.101	0.360
16	15753.934	1858.101	0.360
17	15753.934	1858.101	0.360
18	15403.536	2015.456	0.360
19	15471.285	1926.043	0.360
20	15099.354	1944.031	0.360
21	16477.502	1853.362	0.360
22	15812.869	1891.746	0.360
23	17440.336	2034.543	0.360
24	16120.036	1907.602	0.360
25	16120.036	1907.602	0.360
26	16120.036	1907.602	0.360
27	16120.036	1907.602	0.360
28	16120.036	1907.602	0.360
29	16120.036	1907.602	0.360
30	16120.036	1907.602	0.360
31	16120.036	1907.602	0.360
32	16120.036	1907.602	0.360
33	16120.036	1907.602	0.360
34	16120.036	1907.602	0.360
35	16120.036	1907.602	0.360
36	16120.036	1907.602	0.360
37	16120.036	1907.602	0.360
38	16120.036	1907.602	0.360
39	16120.036	1907.602	0.360
40	16120.036	1907.602	0.360
41	16120.036	1907.602	0.360
42	16120.036	1907.602	0.360
43	16120.036	1907.602	0.360
44	16120.036	1907.602	0.360
45	16120.036	1907.602	0.360
46	16120.036	1907.602	0.360
47	16120.036	1907.602	0.360
48	16120.036	1907.602	0.360
49	16120.036	1907.602	0.360
1	15583.895	2039.530	0.380
2	14656.702	1653.000	0.380
3	15047.061	1736.767	0.380
4	15179.498	1886.771	0.380
5	15297.435	1742.276	0.380
6	16074.264	2205.091	0.380
7	16628.151	1865.269	0.380
8	16968.587	1919.925	0.380
9	15934.063	1888.198	0.380
10	15898.926	2299.671	0.380
11	15898.926	2299.671	0.380
12	16725.821	2369.035	0.380
13	16102.504	1803.746	0.380
14	16102.504	1803.746	0.380
15	16629.153	1800.036	0.380
16	16629.153	1800.036	0.380
17	16629.153	1800.036	0.380
18	16259.288	1952.473	0.380
19	16330.800	1865.854	0.380
20	15938.207	1883.280	0.380
21	17392.919	1795.444	0.380
22	16691.362	1832.629	0.380
23	18409.244	1970.964	0.380
24	17015.594	1847.989	0.380
25	16963.573	1811.157	0.380
26	18697.410	2047.667	0.380
27	18463.552	1857.003	0.380
28	18463.552	1857.003	0.380
29	18463.552	1857.003	0.380
30	19272.585	2052.959	0.380
31	18069.441	1915.046	0.380
32	18069.441	1915.046	0.380
33	17303.760	1808.341	0.380
34	17303.760	1808.341	0.380
35	17303.760	1808.341	0.380
36	17303.760	1808.341	0.380
37	17303.760	1808.341	0.380
38	17303.760	1808.341	0.380
39	17756.342	2004.463	0.380
40	19415.939	2010.608	0.380
41	19862.946	2381.738	0.380
42	20804.198	2295.839	0.380
43	20804.198	2295.839	0.380
44	20804.198	2295.839	0.380
45	20804.198	2295.839	0.380
46	20804.198	2295.839	0.380
47	20804.198	2295.839	0.380
48	20804.198	2295.839	0.380
49	20804.198	2295.839	0.380
1	16404.101	1973.739	0.400
2	15428.108	1599.678	0.400
3	15839.012	1680.743	0.400
4	15978.419	1825.907	0.400
5	16102.564	1686.074	0.400
6	16920.278	2133.959	0.400
7	17503.316	1805.099	0.400
8	17861.671	1857.992	0.400
9	16772.697	1827.289	0.400
10	16735.711	2225.488	0.400
11	16735.711	2225.488	0.400
12	17606.128	2292.615	0.400
13	16950.005	1745.560	0.400
14	16950.005	1745.560	0.400
15	17504.371	1741.970	0.400
16	17504.371	1741.970	0.400
17	17504.371	1741.970	0.400
18	17115.040	1889.490	0.400
19	17190.316	1805.665	0.400
20	16777.060	1822.529	0.400
21	18308.336	1737.527	0.400
22	17569.855	1773.512	0.400
23	19378.151	1907.384	0.400
24	17911.151	1788.377	0.400
25	17856.392	1752.733	0.400
26	19681.484	1981.613	0.400
27	19435.318	1797.100	0.400
28	19435.318	1797.100	0.400
29	19435.318	1797.100	0.400
30	20286.931	1986.734	0.400
31	19020.464	1853.271	0.400
32	19020.464	1853.271	0.400
33	18214.484	1750.007	0.400
34	18214.484	1750.007	0.400
35	18214.484	1750.007	0.400
36	18214.484	1750.007	0.400
37	18214.484	1750.007	0.400
38	18214.484	1750.007	0.400
39	18690.887	1939.803	0.400
40	20437.831	1945.750	0.400
41	20908.364	2304.907	0.400
42	21899.156	2221.780	0.400
43	21899.156	2221.780	0.400
44	21899.156	2221.780	0.400
45	21899.156	2221.780	0.400
46	21899.156	2221.780	0.400
47	21899.156	2221.780	0.400
48	21899.156	2221.780	0.400
49	21899.156	2221.780	0.400
1	17224.306	1907.948	0.420
2	16199.513	1546.355	0.420
3	16630.963	1624.718	0.420
4	16777.340	1765.044	0.420
5	16907.692	1629.871	0.420
6	17766.292	2062.827	0.420
7	18378.482	1744.929	0.420
8	18754.755	1796.059	0.420
9	17611.332	1766.379	0.420
10	17572.497	2151.305	0.420
11	17572.497	2151.305	0.420
12	18486.434	2216.194	0.420
13	17797.505	1687.375	0.420
14	17797.505	1687.375	0.420
15	18379.590	1683.904	0.420
16	18379.590	1683.904	0.420
17	18379.590	1683.904	0.420
18	17970.792	1826.507	0.420
19	18049.832	1745.476	0.420
20	17615.913	1761.778	0.420
21	19223.753	1679.609	0.420
22	18448.347	1714.395	0.420
23	20347.059	1843.805	0.420
24	18806.709	1728.764	0.420
25	18749.212	1694.308	0.420
26	20665.558	1915.559	0.420
27	20407.084	1737.196	0.420
28	20407.084	1737.196	0.420
29	20407.084	1737.196	0.420
30	21301.278	1920.510	0.420
31	19971.487	1791.495	0.420
32	19971.487	1791.495	0.420
33	19125.208	1691.674	0.420
34	19125.208	1691.674	0.420
35	19125.208	1691.674	0.420
36	19125.208	1691.674	0.420
37	19125.208	1691.674	0.420
38	19125.208	1691.674	0.420
39	19625.431	1875.143	0.420
40	21459.722	1880.891	0.420
41	21953.783	2228.077	0.420
42	22994.114	2147.721	0.420
43	22994.114	2147.721	0.420
44	22994.114	2147.721	0.420
45	22994.114	2147.721	0.420
46	22994.114	2147.721	0.420
47	22994.114	2147.721	0.420
48	22994.114	2147.721	0.420
49	22994.114	2147.721	0.420
1	18044.511	1842.156	0.440
2	16970.919	1493.033	0.440
3	17422.913	1568.693	0.440
4	17576.261	1704.180	0.440
5	17712.820	1573.669	0.440
6	18612.306	1991.695	0.440
7	19253.648	1684.759	0.440
8	19647.838	1734.126	0.440
9	18449.967	1705.469	0.440
10	18409.282	2077.122	0.440
11	18409.282	2077.122	0.440
12	19366.740	2139.774	0.440
13	18645.005	1629.189	0.440
14	18645.005	1629.189	0.440
15	19254.808	1625.839	0.440
16	19254.808	1625.839	0.440
17	19254.808	1625.839	0.440
18	18826.544	1763.524	0.440
19	18909.348	1685.287	0.440
20	18454.766	1701.027	0.440
21	20139.170	1621.691	0.440
22	19326.840	1655.278	0.440
23	21315.966	1780.225	0.440
24	19702.266	1669.152	0.440
25	19642.032	1635.884	0.440
26	21649.632	1849.505	0.440
27	21378.850	1677.293	0.440
28	21378.850	1677.293	0.440
29	21378.850	1677.293	0.440
30	22315.625	1854.285	0.440
31	20922.511	1729.719	0.440
32	20922.511	1729.719	0.440
33	20035.932	1633.340	0.440
34	20035.932	1633.340	0.440
35	20035.932	1633.340	0.440
36	20035.932	1633.340	0.440
37	20035.932	1633.340	0.440
38	20035.932	1633.340	0.440
39	20559.975	1810.483	0.440
40	22481.614	1816.033	0.440
41	22999.201	2151.247	0.440
42	24089.072	2073.661	0.440
43	24089.072	2073.661	0.440
44	24089.072	2073.661	0.440
45	24089.072	2073.661	0.440
46	24089.072	2073.661	0.440
47	24089.072	2073.661	0.440
48	24089.072	2073.661	0.440
49	24089.072	2073.661	0.440
1	18864.716	1776.365	0.460
2	17742.324	1439.710	0.460
3	18214.864	1512.668	0.460
4	18375.182	1643.317	0.460
5	18517.948	1517.467	0.460
6	19458.320	1920.563	0.460
7	20128.814	1624.589	0.460
8	20540.922	1672.193	0.460
9	19288.602	1644.560	0.460
10	19246.068	2002.939	0.460
11	19246.068	2002.939	0.460
12	20247.047	2063.353	0.460
13	19492.505	1571.004	0.460
14	19492.505	1571.004	0.460
15	20130.027	1567.773	0.460
16	20130.027	1567.773	0.460
17	20130.027	1567.773	0.460
18	19682.296	1700.541	0.460
19	19768.864	1625.099	0.460
20	19293.619	1640.276	0.460
21	21054.586	1563.774	0.460
22	20205.333	1596.161	0.460
23	22284.874	1716.646	0.460
24	20597.824	1609.539	0.460
25	20534.851	1577.459	0.460
26	22633.706	1783.452	0.460
27	22350.616	1617.390	0.460
28	22350.616	1617.390	0.460
29	22350.616	1617.390	0.460
30	23329.971	1788.061	0.460
31	21873.534	1667.944	0.460
32	21873.534	1667.944	0.460
33	20946.657	1575.007	0.460
34	20946.657	1575.007	0.460
35	20946.657	1575.007	0.460
36	20946.657	1575.007	0.460
37	20946.657	1575.007	0.460
38	20946.657	1575.007	0.460
39	21494.519	1745.823	0.460
40	23503.505	1751.175	0.460
41	24044.619	2074.417	0.460
42	25184.030	1999.602	0.460
43	25184.030	1999.602	0.460
44	25184.030	1999.602	0.460
45	25184.030	1999.602	0.460
46	25184.030	1999.602	0.460
47	25184.030	1999.602	0.460
48	25184.030	1999.602	0.460
49	25184.030	1999.602	0.460
1	19684.921	1710.574	0.480
2	18513.729	1386.387	0.480
3	19006.814	1456.644	0.480
4	19174.103	1582.453	0.480
5	19323.076	1461.264	0.480
6	20304.334	1849.431	0.480
7	21003.980	1564.419	0.480
8	21434.005	1610.260	0.480
9	20127.237	1583.650	0.480
10	20082.853	1928.756	0.480
11	20082.853	1928.756	0.480
12	21127.353	1986.933	0.480
13	20340.005	1512.819	0.480
14	20340.005	1512.819	0.480
15	21005.245	1509.707	0.480
16	21005.245	1509.707	0.480
17	21005.245	1509.707	0.480
18	20538.048	1637.558	0.480
19	20628.379	1564.910	0.480
20	20132.472	1579.525	0.480
21	21970.003	1505.856	0.480
22	21083.826	1537.044	0.480
23	23253.781	1653.066	0.480
24	21493.381	1549.926	0.480
25	21427.671	1519.035	0.480
26	23617.781	1717.398	0.480
27	23322.382	1557.487	0.480
28	23322.382	1557.487	0.480
29	23322.382	1557.487	0.480
30	24344.318	1721.836	0.480
31	22824.557	1606.168	0.480
32	22824.557	1606.168	0.480
33	21857.381	1516.673	0.480
34	21857.381	1516.673	0.480
35	21857.381	1516.673	0.480
36	21857.381	1516.673	0.480
37	21857.381	1516.673	0.480
38	21857.381	1516.673	0.480
39	22429.064	1681.163	0.480
40	24525.397	1686.316	0.480
41	25090.037	1997.586	0.480
42	26278.987	1925.543	0.480
43	26278.987	1925.543	0.480
44	26278.987	1925.543	0.480
45	26278.987	1925.543	0.480
46	26278.987	1925.543	0.480
47	26278.987	1925.543	0.480
48	26278.987	1925.543	0.480
49	26278.987	1925.543	0.480
1	20505.126	1644.782	0.500
2	19285.135	1333.065	0.500
3	19798.765	1400.619	0.500
4	19973.024	1521.589	0.500
5	20128.204	1405.062	0.500
6	21150.347	1778.299	0.500
7	21879.145	1504.249	0.500
8	22327.089	1548.327	0.500
9	20965.872	1522.740	0.500
10	20919.639	1854.573	0.500
11	20919.639	1854.573	0.500
12	22007.660	1910.512	0.500
13	21187.506	1454.633	0.500
14	21187.506	1454.633	0.500
15	21880.464	1451.642	0.500
16	21880.464	1451.642	0.500
17	21880.464	1451.642	0.500
18	21393.800	1574.575	0.500
19	21487.895	1504.721	0.500
20	20971.325	1518.774	0.500
21	22885.420	1447.939	0.500
22	21962.318	1477.927	0.500
23	24222.689	1589.487	0.500
24	22388.939	1490.314	0.500
25	22320.490	1460.610	0.500
26	24601.855	1651.344	0.500
27	24294.148	1497.583	0.500
28	24294.148	1497.583	0.500
29	24294.148	1497.583	0.500
30	25358.664	1655.612	0.500
31	23775.580	1544.392	0.500
32	23775.580	1544.392	0.500
33	22768.105	1458.339	0.500
34	22768.105	1458.339	0.500
35	22768.105	1458.339	0.500
36	22768.105	1458.339	0.500
37	22768.105	1458.339	0.500
38	22768.105	1458.339	0.500
39	23363.608	1616.502	0.500
40	25547.288	1621.458	0.500
41	26135.455	1920.756	0.500
42	27373.945	1851.483	0.500
43	27373.945	1851.483	0.500
44	27373.945	1851.483	0.500
45	27373.945	1851.483	0.500
46	27373.945	1851.483	0.500
47	27373.945	1851.483	0.500
48	27373.945	1851.483	0.500
49	27373.945	1851.483	0.500
1	21325.331	1578.991	0.520
2	20056.540	1279.742	0.520
3	20590.716	1344.594	0.520
4	20771.944	1460.726	0.520
5	20933.333	1348.859	0.520
6	21996.361	1707.167	0.520
7	22754.311	1444.079	0.520
8	23220.172	1486.394	0.520
9	21804.507	1461.831	0.520
10	21756.424	1780.390	0.520
11	21756.424	1780.390	0.520
12	22887.966	1834.092	0.520
13	22035.006	1396.448	0.520
14	22035.006	1396.448	0.520
15	22755.683	1393.576	0.520
16	22755.683	1393.576	0.520
17	22755.683	1393.576	0.520
18	22249.552	1511.592	0.520
19	22347.411	1444.532	0.520
20	21810.178	1458.023	0.520
21	23800.837	1390.021	0.520
22	22840.811	1418.810	0.520
23	25191.596	1525.907	0.520
24	23284.497	1430.701	0.520
25	23213.310	1402.186	0.520
26	25585.929	1585.290	0.520
27	25265.914	1437.680	0.520
28	25265.914	1437.680	0.520
29	25265.914	1437.680	0.520
30	26373.011	1589.387	0.520
31	24726.603	1482.616	0.520
32	24726.603	1482.616	0.520
33	23678.829	1400.006	0.520
34	23678.829	1400.006	0.520
35	23678.829	1400.006	0.520
36	23678.829	1400.006	0.520
37	23678.829	1400.006	0.520
38	23678.829	1400.006	0.520
39	24298.152	1551.842	0.520
40	26569.180	1556.600	0.520
41	27180.874	1843.926	0.520
42	28468.903	1777.424	0.520
43	28468.903	1777.424	0.520
44	28468.903	1777.424	0.520
45	28468.903	1777.424	0.520
46	28468.903	1777.424	0.520
47	28468.903	1777.424	0.520
48	28468.903	1777.424	0.520
49	28468.903	1777.424	0.520
1	22145.536	1513.200	0.540
2	20827.946	1226.420	0.540
3	21382.666	1288.569	0.540
4	21570.865	1399.862	0.540
5	21738.461	1292.657	0.540
6	22842.375	1636.035	0.540
7	23629.477	1383.909	0.540
8	24113.256	1424.461	0.540
9	22643.141	1400.921	0.540
10	22593.210	1706.207	0.540
11	22593.210	1706.207	0.540
12	23768.272	1757.671	0.540
13	22882.506	1338.263	0.540
14	22882.506	1338.263	0.540
15	23630.901	1335.510	0.540
16	23630.901	1335.510	0.540
17	23630.901	1335.510	0.540
18	23105.304	1448.609	0.540
19	23206.927	1384.343	0.540
20	22649.031	1397.272	0.540
21	24716.254	1332.104	0.540
22	23719.304	1359.693	0.540
23	26160.504	1462.328	0.540
24	24180.054	1371.089	0.540
25	24106.130	1343.762	0.540
26	26570.003	1519.236	0.540
27	26237.680	1377.777	0.540
28	26237.680	1377.777	0.540
29	26237.680	1377.777	0.540
30	27387.357	1523.163	0.540
31	25677.627	1420.841	0.540
32	25677.627	1420.841	0.540
33	24589.553	1341.672	0.540
34	24589.553	1341.672	0.540
35	24589.553	1341.672	0.540
36	24589.553	1341.672	0.540
37	24589.553	1341.672	0.540
38	24589.553	1341.672	0.540
39	25232.697	1487.182	0.540
40	27591.071	1491.741	0.540
41	28226.292	1767.096	0.540
42	29563.861	1703.365	0.540
43	29563.861	1703.365	0.540
44	29563.861	1703.365	0.540
45	29563.861	1703.365	0.540
46	29563.861	1703.365	0.540
47	29563.861	1703.365	0.540
48	29563.861	1703.365	0.540
49	29563.861	1703.365	0.540
1	22965.741	1447.409	0.560
2	21599.351	1173.097	0.560
3	22174.617	1232.545	0.560
4	22369.786	1338.999	0.560
5	22543.589	1236.454	0.560
6	23688.389	1564.903	0.560
7	24504.643	1323.739	0.560
8	25006.339	1362.528	0.560
9	23481.776	1340.012	0.560
10	23429.996	1632.024	0.560
11	23429.996	1632.024	0.560
12	24648.579	1681.251	0.560
13	23730.006	1280.077	0.560
14	23730.006	1280.077	0.560
15	24506.120	1277.445	0.560
16	24506.120	1277.445	0.560
17	24506.120	1277.445	0.560
18	23961.056	1385.626	0.560
19	24066.443	1324.154	0.560
20	23487.884	1336.521	0.560
21	25631.671	1274.186	0.560
22	24597.796	1300.576	0.560
23	27129.412	1398.748	0.560
24	25075.612	1311.476	0.560
25	24998.949	1285.337	0.560
26	27554.077	1453.183	0.560
27	27209.445	1317.873	0.560
28	27209.445	1317.873	0.560
29	27209.445	1317.873	0.560
30	28401.704	1456.938	0.560
31	26628.650	1359.065	0.560
32	26628.650	1359.065	0.560
33	25500.278	1283.339	0.560
34	25500.278	1283.339	0.560
35	25500.278	1283.339	0.560
36	25500.278	1283.339	0.560
37	25500.278	1283.339	0.560
38	25500.278	1283.339	0.560
39	26167.241	1422.522	0.560
40	28612.963	1426.883	0.560
41	29271.710	1690.265	0.560
42	30658.819	1629.305	0.560
43	30658.819	1629.305	0.560
44	30658.819	1629.305	0.560
45	30658.819	1629.305	0.560
46	30658.819	1629.305	0.560
47	30658.819	1629.305	0.560
48	30658.819	1629.305	0.560
49	30658.819	1629.305	0.560
1	23785.946	1381.617	0.580
2	22370.756	1119.775	0.580
3	22966.567	1176.520	0.580
4	23168.707	1278.135	0.580
5	23348.717	1180.252	0.580
6	24534.403	1493.771	0.580
7	25379.809	1263.569	0.580
8	25899.423	1300.594	0.580
9	24320.411	1279.102	0.580
10	24266.781	1557.841	0.580
11	24266.781	1557.841	0.580
12	25528.885	1604.830	0.580
13	24577.507	1221.892	0.580
14	24577.507	1221.892	0.580
15	25381.338	1219.379	0.580
16	25381.338	1219.379	0.580
17	25381.338	1219.379	0.580
18	24816.808	1322.643	0.580
19	24925.958	1263.966	0.580
20	24326.737	1275.770	0.580
21	26547.087	1216.269	0.580
22	25476.289	1241.458	0.580
23	28098.319	1335.169	0.580
24	25971.169	1251.864	0.580
25	25891.769	1226.913	0.580
26	28538.152	1387.129	0.580
27	28181.211	1257.970	0.580
28	28181.211	1257.970	0.580
29	28181.211	1257.970	0.580
30	29416.051	1390.714	0.580
31	27579.673	1297.289	0.580
32	27579.673	1297.289	0.580
33	26411.002	1225.005	0.580
34	26411.002	1225.005	0.580
35	26411.002	1225.005	0.580
36	26411.002	1225.005	0.580
37	26411.002	1225.005	0.580
38	26411.002	1225.005	0.580
39	27101.785	1357.862	0.580
40	29634.854	1362.025	0.580
41	30317.128	1613.435	0.580
42	31753.776	1555.246	0.580
43	31753.776	1555.246	0.580
44	31753.776	1555.246	0.580
45	31753.776	1555.246	0.580
46	31753.776	1555.246	0.580
47	31753.776	1555.246	0.580
48	31753.776	1555.246	0.580
49	31753.776	1555.246	0.580
1	24606.151	1315.826	0.600
2	23142.162	1066.452	0.600
3	23758.518	1120.495	0.600
4	23967.628	1217.271	0.600
5	24153.845	1124.049	0.600
6	25380.417	1422.639	0.600
7	26254.975	1203.399	0.600
8	26792.506	1238.661	0.600
9	25159.046	1218.192	0.600
10	25103.567	1483.659	0.600
11	25103.567	1483.659	0.600
12	26409.191	1528.410	0.600
13	25425.007	1163.707	0.600
14	25425.007	1163.707	0.600
15	26256.557	1161.313	0.600
16	26256.557	1161.313	0.600
17	26256.557	1161.313	0.600
18	25672.560	1259.660	0.600
19	25785.474	1203.777	0.600
20	25165.590	1215.019	0.600
21	27462.504	1158.351	0.600
22	26354.782	1182.341	0.600
23	29067.227	1271.589	0.600
24	26866.727	1192.251	0.600
25	26784.588	1168.488	0.600
26	29522.226	1321.075	0.600
27	29152.977	1198.067	0.600
28	29152.977	1198.067	0.600
29	29152.977	1198.067	0.600
30	27321.726	1166.671	0.600
31	27321.726	1166.671	0.600
32	27321.726	1166.671	0.600
33	27321.726	1166.671	0.600
34	27321.726	1166.671	0.600
35	27321.726	1166.671	0.600
36	27321.726	1166.671	0.600
37	27321.726	1166.671	0.600
38	27321.726	1166.671	0.600
39	27321.726	1166.671	0.600
40	27321.726	1166.671	0.600
41	27321.726	1166.671	0.600
42	27321.726	1166.671	0.600
43	27321.726	1166.671	0.600
44	27321.726	1166.671	0.600
45	27321.726	1166.671	0.600
46	27321.726	1166.671	0.600
47	27321.726	1166.671	0.600
48	27321.726	1166.671	0.600
49	27321.726	1166.671	0.600
1	25426.356	1250.035	0.620
2	23913.567	1013.129	0.620
3	24550.469	1064.470	0.620
4	24766.549	1156.408	0.620
5	24958.974	1067.847	0.620
6	26226.431	1351.507	0.620
7	27130.140	1143.229	0.620
8	27685.590	1176.728	0.620
9	25997.681	1157.283	0.620
10	25940.352	1409.476	0.620
11	25940.352	1409.476	0.620
12	27289.498	1451.989	0.620
13	26272.507	1105.521	0.620
14	26272.507	1105.521	0.620
15	27131.775	1103.248	0.620
16	27131.775	1103.248	0.620
17	27131.775	1103.248	0.620
18	26528.312	1196.677	0.620
19	26644.990	1143.588	0.620
20	26004.443	1154.268	0.620
21	28377.921	1100.433	0.620
22	27233.275	1123.224	0.620
23	30036.134	1208.010	0.620
24	27762.284	1132.639	0.620
25	27677.408	1110.064	0.620
26	30506.300	1255.021	0.620
27	30124.743	1138.163	0.620
28	30124.743	1138.163	0.620
29	30124.743	1138.163	0.620
30	28232.450	1108.338	0.620
31	28232.450	1108.338	0.620
32	28232.450	1108.338	0.620
33	28232.450	1108.338	0.620
34	28232.450	1108.338	0.620
35	28232.450	1108.338	0.620
36	28232.450	1108.338	0.620
37	28232.450	1108.338	0.620
38	28232.450	1108.338	0.620
39	28232.450	1108.338	0.620
40	28232.450	1108.338	0.620
41	28232.450	1108.338	0.620
42	28232.450	1108.338	0.620
43	28232.450	1108.338	0.620
44	28232.450	1108.338	0.620
45	28232.450	1108.338	0.620
46	28232.450	1108.338	0.620
47	28232.450	1108.338	0.620
48	28232.450	1108.338	0.620
49	28232.450	1108.338	0.620
1	26246.561	1184.243	0.640
2	24684.972	959.807	0.640
3	25342.419	1008.446	0.640
4	25565.470	1095.544	0.640
5	25764.102	1011.644	0.640
6	27072.445	1280.375	0.640
7	28005.306	1083.059	0.640
8	28578.674	1114.795	0.640
9	26836.316	1096.373	0.640
10	26777.138	1335.293	0.640
11	26777.138	1335.293	0.640
12	28169.804	1375.569	0.640
13	27120.007	1047.336	0.640
14	27120.007	1047.336	0.640
15	28006.994	1045.182	0.640
16	28006.994	1045.182	0.640
17	28006.994	1045.182	0.640
18	27384.064	1133.694	0.640
19	27504.506	1083.399	0.640
20	26843.296	1093.517	0.640
21	29293.338	1042.516	0.640
22	28111.767	1064.107	0.640
23	31005.042	1144.430	0.640
24	28657.842	1073.026	0.640
25	28570.228	1051.640	0.640
26	31490.374	1188.968	0.640
27	31096.509	1078.260	0.640
28	31096.509	1078.260	0.640
29	31096.509	1078.260	0.640
30	29143.174	1050.004	0.640
31	29143.174	1050.004	0.640
32	29143.174	1050.004	0.640
33	29143.174	1050.004	0.640
34	29143.174	1050.004	0.640
35	29143.174	1050.004	0.640
36	29143.174	1050.004	0.640
37	29143.174	1050.004	0.640
38	29143.174	1050.004	0.640
39	29143.174	1050.004	0.640
40	29143.174	1050.004	0.640
41	29143.174	1050.004	0.640
42	29143.174	1050.004	0.640
43	29143.174	1050.004	0.640
44	29143.174	1050.004	0.640
45	29143.174	1050.004	0.640
46	29143.174	1050.004	0.640
47	29143.174	1050.004	0.640
48	29143.174	1050.004	0.640
49	29143.174	1050.004	0.640
1	27066.766	1118.452	0.660
2	25456.378	906.484	0.660
3	26134.370	952.421	0.660
4	26364.391	1034.681	0.660
5	26569.230	955.442	0.660
6	27918.459	1209.243	0.660
7	28880.472	1022.889	0.660
8	29471.757	1052.862	0.660
9	27674.951	1035.464	0.660
10	27613.923	1261.110	0.660
11	27613.923	1261.110	0.660
12	29050.111	1299.148	0.660
13	27967.508	989.151	0.660
14	27967.508	989.151	0.660
15	28882.213	987.116	0.660
16	28882.213	987.116	0.660
17	28882.213	987.116	0.660
18	28239.816	1070.711	0.660
19	28364.022	1023.210	0.660
20	27682.149	1032.766	0.660
21	30208.755	984.598	0.660
22	28990.260	1004.990	0.660
23	31973.949	1080.851	0.660
24	29553.399	1013.413	0.660
25	29463.047	993.215	0.660
26	32474.448	1122.914	0.660
27	32068.275	1018.357	0.660
28	32068.275	1018.357	0.660
29	32068.275	1018.357	0.660
30	30053.899	991.671	0.660
31	30053.899	991.671	0.660
32	30053.899	991.671	0.660
33	30053.899	991.671	0.660
34	30053.899	991.671	0.660
35	30053.899	991.671	0.660
36	30053.899	991.671	0.660
37	30053.899	991.671	0.660
38	30053.899	991.671	0.660
39	30053.899	991.671	0.660
40	30053.899	991.671	0.660
41	30053.899	991.671	0.660
42	30053.899	991.671	0.660
43	30053.899	991.671	0.660
44	30053.899	991.671	0.660
45	30053.899	991.671	0.660
46	30053.899	991.671	0.660
47	30053.899	991.671	0.660
48	30053.899	991.671	0.660
49	30053.899	991.671	0.660
1	27886.971	1052.661	0.680
2	26227.783	853.162	0.680
3	26926.320	896.396	0.680
4	27163.312	973.817	0.680
5	27374.358	899.239	0.680
6	28764.473	1138.111	0.680
7	29755.638	962.720	0.680
8	30364.841	990.929	0.680
9	28513.586	974.554	0.680
10	28450.709	1186.927	0.680
11	28450.709	1186.927	0.680
12	29930.417	1222.728	0.680
13	28815.008	930.965	0.680
14	28815.008	930.965	0.680
15	29757.431	929.051	0.680
16	29757.431	929.051	0.680
17	29757.431	929.051	0.680
18	29095.568	1007.728	0.680
19	29223.537	963.021	0.680
20	28521.002	972.015	0.680
21	31124.171	926.681	0.680
22	29868.753	945.873	0.680
23	32942.857	1017.272	0.680
24	30448.957	953.801	0.680
25	30355.867	934.791	0.680
26	33458.523	1056.860	0.680
27	33040.041	958.453	0.680
28	33040.041	958.453	0.680
29	33040.041	958.453	0.680
30	30964.623	933.337	0.680
31	30964.623	933.337	0.680
32	30964.623	933.337	0.680
33	30964.623	933.337	0.680
34	30964.623	933.337	0.680
35	30964.623	933.337	0.680
36	30964.623	933.337	0.680
37	30964.623	933.337	0.680
38	30964.623	933.337	0.680
39	30964.623	933.337	0.680
40	30964.623	933.337	0.680
41	30964.623	933.337	0.680
42	30964.623	933.337	0.680
43	30964.623	933.337	0.680
44	30964.623	933.337	0.680
45	30964.623	933.337	0.680
46	30964.623	933.337	0.680
47	30964.623	933.337	0.680
48	30964.623	933.337	0.680
49	30964.623	933.337	0.680
1	28707.176	986.869	0.700
2	26999.189	799.839	0.700
3	27718.271	840.371	0.700
4	27962.233	912.954	0.700
5	28179.486	843.037	0.700
6	29610.486	1066.979	0.700
7	30630.804	902.550	0.700
8	31257.924	928.996	0.700
9	29352.220	913.644	0.700
10	29287.494	1112.744	0.700
11	29287.494	1112.744	0.700
12	30810.723	1146.307	0.700
13	29662.508	872.780	0.700
14	29662.508	872.780	0.700
15	30632.650	870.985	0.700
16	30632.650	870.985	0.700
17	30632.650	870.985	0.700
18	29951.320	944.745	0.700
19	30083.053	902.833	0.700
20	29359.855	911.264	0.700
21	32039.588	868.763	0.700
22	30747.246	886.756	0.700
23	33911.764	953.692	0.700
24	31344.515	894.188	0.700
25	31248.687	876.366	0.700
26	34442.597	990.806	0.700
27	34011.807	898.550	0.700
28	34011.807	898.550	0.700
29	34011.807	898.550	0.700
30	31875.347	875.004	0.700
31	31875.347	875.004	0.700
32	31875.347	875.004	0.700
33	31875.347	875.004	0.700
34	31875.347	875.004	0.700
35	31875.347	875.004	0.700
36	31875.347	875.004	0.700
37	31875.347	875.004	0.700
38	31875.347	875.004	0.700
39	31875.347	875.004	0.700
40	31875.347	875.004	0.700
41	31875.347	875.004	0.700
42	31875.347	875.004	0.700
43	31875.347	875.004	0.700
44	31875.347	875.004	0.700
45	31875.347	875.004	0.700
46	31875.347	875.004	0.700
47	31875.347	875.004	0.700
48	31875.347	875.004	0.700
49	31875.347	875.004	0.700
1	29527.381	921.078	0.720
2	27770.594	746.516	0.720
3	28510.222	784.347	0.720
4	28761.154	852.090	0.720
5	28984.614	786.835	0.720
6	30456.500	995.847	0.720
7	31505.969	842.380	0.720
8	32151.008	867.063	0.720
9	30190.855	852.735	0.720
10	30124.280	1038.561	0.720
11	30124.280	1038.561	0.720
12	31691.030	1069.887	0.720
13	30510.008	814.595	0.720
14	30510.008	814.595	0.720
15	31507.868	812.919	0.720
16	31507.868	812.919	0.720
17	31507.868	812.919	0.720
18	30807.072	881.762	0.720
19	30942.569	842.644	0.720
20	30198.708	850.513	0.720
21	32955.005	810.846	0.720
22	31625.738	827.639	0.720
23	34880.672	890.113	0.720
24	32240.072	834.576	0.720
25	32141.506	817.942	0.720
26	35426.671	924.753	0.720
27	34983.573	838.647	0.720
28	34983.573	838.647	0.720
29	34983.573	838.647	0.720
30	32786.071	816.670	0.720
31	32786.071	816.670	0.720
32	32786.071	816.670	0.720
33	32786.071	816.670	0.720
34	32786.071	816.670	0.720
35	32786.071	816.670	0.720
36	32786.071	816.670	0.720
37	32786.071	816.670	0.720
38	32786.071	816.670	0.720
39	32786.071	816.670	0.720
40	32786.071	816.670	0.720
41	32786.071	816.670	0.720
42	32786.071	816.670	0.720
43	32786.071	816.670	0.720
44	32786.071	816.670	0.720
45	32786.071	816.670	0.720
46	32786.071	816.670	0.720
47	32786.071	816.670	0.720
48	32786.071	816.670	0.720
49	32786.071	816.670	0.720
1	30347.586	855.287	0.740
2	28541.999	693.194	0.740
3	29302.172	728.322	0.740
4	29560.075	791.226	0.740
5	29789.743	730.632	0.740
6	31302.514	924.715	0.740
7	32381.135	782.210	0.740
8	33044.091	805.130	0.740
9	31029.490	791.825	0.740
10	30961.066	964.378	0.740
11	30961.066	964.378	0.740
12	32571.336	993.466	0.740
13	31357.508	756.409	0.740
14	31357.508	756.409	0.740
15	32383.087	754.854	0.740
16	32383.087	754.854	0.740
17	32383.087	754.854	0.740
18	31662.824	818.779	0.740
19	31802.085	782.455	0.740
20	31037.561	789.762	0.740
21	33870.422	752.928	0.740
22	32504.231	768.522	0.740
23	35849.580	826.533	0.740
24	33135.630	774.963	0.740
25	33034.326	759.517	0.740
26	36410.745	858.699	0.740
27	35955.339	778.743	0.740
28	35955.339	778.743	0.740
29	35955.339	778.743	0.740
30	33696.795	758.336	0.740
31	33696.795	758.336	0.740
32	33696.795	758.336	0.740
33	33696.795	758.336	0.740
34	33696.795	758.336	0.740
35	33696.795	758.336	0.740
36	33696.795	758.336	0.740
37	33696.795	758.336	0.740
38	33696.795	758.336	0.740
39	33696.795	758.336	0.740
40	33696.795	758.336	0.740
41	33696.795	758.336	0.740
42	33696.795	758.336	0.740
43	33696.795	758.336	0.740
44	33696.795	758.336	0.740
45	33696.795	758.336	0.740
46	33696.795	758.336	0.740
47	33696.795	758.336	0.740
48	33696.795	758.336	0.740
49	33696.795	758.336	0.740
1	31167.791	789.496	0.760
2	29313.405	639.871	0.760
3	30094.123	672.297	0.760
4	30358.996	730.363	0.760
5	30594.871	674.430	0.760
6	32148.528	853.584	0.760
7	33256.301	722.040	0.760
8	33937.175	743.197	0.760
9	31868.125	730.915	0.760
10	31797.851	890.195	0.760
11	31797.851	890.195	0.760
12	33451.643	917.046	0.760
13	32205.009	698.224	0.760
14	32205.009	698.224	0.760
15	33258.305	696.788	0.760
16	33258.305	696.788	0.760
17	33258.305	696.788	0.760
18	32518.576	755.796	0.760
19	32661.601	722.266	0.760
20	31876.414	729.011	0.760
21	34785.839	695.011	0.760
22	33382.724	709.405	0.760
23	36818.487	762.954	0.760
24	34031.187	715.351	0.760
25	33927.145	701.093	0.760
26	37394.819	792.645	0.760
27	36927.105	718.840	0.760
28	36927.105	718.840	0.760
29	36927.105	718.840	0.760
30	34607.520	700.003	0.760
31	34607.520	700.003	0.760
32	34607.520	700.003	0.760
33	34607.520	700.003	0.760
34	34607.520	700.003	0.760
35	34607.520	700.003	0.760
36	34607.520	700.003	0.760
37	34607.520	700.003	0.760
38	34607.520	700.003	0.760
39	34607.520	700.003	0.760
40	34607.520	700.003	0.760
41	34607.520	700.003	0.760
42	34607.520	700.003	0.760
43	34607.520	700.003	0.760
44	34607.520	700.003	0.760
45	34607.520	700.003	0.760
46	34607.520	700.003	0.760
47	34607.520	700.003	0.760
48	34607.520	700.003	0.760
49	34607.520	700.003	0.760
1	31987.996	723.704	0.780
2	30084.810	586.549	0.780
3	30886.073	616.272	0.780
4	31157.917	669.499	0.780
5	31399.999	618.227	0.780
6	32994.542	782.452	0.780
7	34131.467	661.870	0.780
8	34830.258	681.264	0.780
9	32706.760	670.006	0.780
10	32634.637	816.012	0.780
11	32634.637	816.012	0.780
12	34331.949	840.625	0.780
13	33052.509	640.039	0.780
14	33052.509	640.039	0.780
15	34133.524	638.722	0.780
16	34133.524	638.722	0.780
17	34133.524	638.722	0.780
18	33374.328	692.813	0.780
19	33521.116	662.077	0.780
20	32715.267	668.260	0.780
21	35701.255	637.093	0.780
22	34261.216	650.288	0.780
23	37787.395	699.374	0.780
24	34926.745	655.738	0.780
25	34819.965	642.669	0.780
26	38378.894	726.591	0.780
27	37898.870	658.937	0.780
28	37898.870	658.937	0.780
29	37898.870	658.937	0.780
30	35518.244	641.669	0.780
31	35518.244	641.669	0.780
32	35518.244	641.669	0.780
33	35518.244	641.669	0.780
34	35518.244	641.669	0.780
35	35518.244	641.669	0.780
36	35518.244	641.669	0.780
37	35518.244	641.669	0.780
38	35518.244	641.669	0.780
39	35518.244	641.669	0.780
40	35518.244	641.669	0.780
41	35518.244	641.669	0.780
42	35518.244	641.669	0.780
43	35518.244	641.669	0.780
44	35518.244	641.669	0.780
45	35518.244	641.669	0.780
46	35518.244	641.669	0.780
47	35518.244	641.669	0.780
48	35518.244	641.669	0.780
49	35518.244	641.669	0.780
1	32808.201	657.913	0.800
2	30856.216	533.226	0.800
3	31678.024	560.248	0.800
4	31956.838	608.636	0.800
5	32205.127	562.025	0.800
6	33840.556	711.320	0.800
7	35006.633	601.700	0.800
8	35723.342	619.331	0.800
9	33545.395	609.096	0.800
10	33471.422	741.829	0.800
11	33471.422	741.829	0.800
12	35212.255	764.205	0.800
13	33900.009	581.853	0.800
14	33900.009	581.853	0.800
15	35008.742	580.657	0.800
16	35008.742	580.657	0.800
17	35008.742	580.657	0.800
18	34230.080	629.830	0.800
19	34380.632	601.888	0.800
20	33554.120	607.510	0.800
21	36616.672	579.176	0.800
22	35139.709	591.171	0.800
23	38756.302	635.795	0.800
24	35822.302	596.126	0.800
25	35712.785	584.244	0.800
26	39362.968	660.538	0.800
27	38870.636	599.033	0.800
28	38870.636	599.033	0.800
29	38870.636	599.033	0.800
30	36428.968	583.336	0.800
31	36428.968	583.336	0.800
32	36428.968	583.336	0.800
33	36428.968	583.336	0.800
34	36428.968	583.336	0.800
35	36428.968	583.336	0.800
36	36428.968	583.336	0.800
37	36428.968	583.336	0.800
38	36428.968	583.336	0.800
39	36428.968	583.336	0.800
40	36428.968	583.336	0.800
41	36428.968	583.336	0.800
42	36428.968	583.336	0.800
43	36428.968	583.336	0.800
44	36428.968	583.336	0.800
45	36428.968	583.336	0.800
46	36428.968	583.336	0.800
47	36428.968	583.336	0.800
48	36428.968	583.336	0.800
49	36428.968	583.336	0.800
1	33628.406	592.122	0.820
2	31627.621	479.903	0.820
3	32469.975	504.223	0.820
4	32755.759	547.772	0.820
5	33010.255	505.822	0.820
6	34686.570	640.188	0.820
7	35881.799	541.530	0.820
8	36616.426	557.398	0.820
9	34384.030	548.187	0.820
10	34308.208	667.646	0.820
11	34308.208	667.646	0.820
12	36092.562	687.784	0.820
13	34747.509	523.668	0.820
14	34747.509	523.668	0.820
15	35883.961	522.591	0.820
16	35883.961	522.591	0.820
17	35883.961	522.591	0.820
18	35085.832	566.847	0.820
19	35240.148	541.700	0.820
20	34392.973	546.759	0.820
21	37532.089	521.258	0.820
22	36018.202	532.054	0.820
23	39725.210	572.215	0.820
24	36717.860	536.513	0.820
25	36605.604	525.820	0.820
26	40347.042	594.484	0.820
27	39842.402	539.130	0.820
28	39842.402	539.130	0.820
29	39842.402	539.130	0.820
30	37339.692	525.002	0.820
31	37339.692	525.002	0.820
32	37339.692	525.002	0.820
33	37339.692	525.002	0.820
34	37339.692	525.002	0.820
35	37339.692	525.002	0.820
36	37339.692	525.002	0.820
37	37339.692	525.002	0.820
38	37339.692	525.002	0.820
39	37339.692	525.002	0.820
40	37339.692	525.002	0.820
41	37339.692	525.002	0.820
42	37339.692	525.002	0.820
43	37339.692	525.002	0.820
44	37339.692	525.002	0.820
45	37339.692	525.002	0.820
46	37339.692	525.002	0.820
47	37339.692	525.002	0.820
48	37339.692	525.002	0.820
49	37339.692	525.002	0.820
1	34448.611	526.330	0.840
2	32399.026	426.581	0.840
3	33261.925	448.198	0.840
4	33554.680	486.909	0.840
5	33815.384	449.620	0.840
6	35532.584	569.056	0.840
7	36756.964	481.360	0.840
8	37509.509	495.465	0.840
9	35222.664	487.277	0.840
10	35144.993	593.463	0.840
11	35144.993	593.463	0.840
12	36972.868	611.364	0.840
13	35595.010	465.483	0.840
14	35595.010	465.483	0.840
15	36759.180	464.525	0.840
16	36759.180	464.525	0.840
17	36759.180	464.525	0.840
18	35941.584	503.864	0.840
19	36099.664	481.511	0.840
20	35231.827	486.008	0.840
21	38447.506	463.340	0.840
22	36896.695	472.937	0.840
23	40694.117	508.636	0.840
24	37613.418	476.900	0.840
25	37498.424	467.395	0.840
26	41331.116	528.430	0.840
27	40814.168	479.227	0.840
28	40814.168	479.227	0.840
29	40814.168	479.227	0.840
30	38250.416	466.669	0.840
31	38250.416	466.669	0.840
32	38250.416	466.669	0.840
33	38250.416	466.669	0.840
34	38250.416	466.669	0.840
35	38250.416	466.669	0.840
36	38250.416	466.669	0.840
37	38250.416	466.669	0.840
38	38250.416	466.669	0.840
39	38250.416	466.669	0.840
40	38250.416	466.669	0.840
41	38250.416	466.669	0.840
42	38250.416	466.669	0.840
43	38250.416	466.669	0.840
44	38250.416	466.669	0.840
45	38250.416	466.669	0.840
46	38250.416	466.669	0.840
47	38250.416	466.669	0.840
48	38250.416	466.669	0.840
49	38250.416	466.669	0.840
1	35268.816	460.539	0.860
2	33170.432	373.258	0.860
3	34053.876	392.173	0.860
4	34353.600	426.045	0.860
5	34620.512	393.417	0.860
6	36378.598	497.924	0.860
7	37632.130	421.190	0.860
8	38402.593	433.531	0.860
9	36061.299	426.367	0.860
10	35981.779	519.280	0.860
11	35981.779	519.280	0.860
12	37853.174	534.943	0.860
13	36442.510	407.297	0.860
14	36442.510	407.297	0.860
15	37634.398	406.460	0.860
16	37634.398	406.460	0.860
17	37634.398	406.460	0.860
18	36797.336	440.881	0.860
19	36959.180	421.322	0.860
20	36070.680	425.257	0.860
21	39362.923	405.423	0.860
22	37775.187	413.819	0.860
23	41663.025	445.056	0.860
24	38508.975	417.288	0.860
25	38391.243	408.971	0.860
26	42315.190	462.376	0.860
27	41785.934	419.323	0.860
28	41785.934	419.323	0.860
29	41785.934	419.323	0.860
30	39161.141	408.335	0.860
31	39161.141	408.335	0.860
32	39161.141	408.335	0.860
33	39161.141	408.335	0.860
34	39161.141	408.335	0.860
35	39161.141	408.335	0.860
36	39161.141	408.335	0.860
37	39161.141	408.335	0.860
38	39161.141	408.335	0.860
39	39161.141	408.335	0.860
40	39161.141	408.335	0.860
41	39161.141	408.335	0.860
42	39161.141	408.335	0.860
43	39161.141	408.335	0.860
44	39161.141	408.335	0.860
45	39161.141	408.335	0.860
46	39161.141	408.335	0.860
47	39161.141	408.335	0.860
48	39161.141	408.335	0.860
49	39161.141	408.335	0.860
1	36089.021	394.748	0.880
2	33941.837	319.936	0.880
3	34845.826	336.149	0.880
4	35152.521	365.181	0.880
5	35425.640	337.215	0.880
6	37224.611	426.792	0.880
7	38507.296	361.020	0.880
8	39295.676	371.598	0.880
9	36899.934	365.458	0.880
10	36818.564	445.098	0.880
11	36818.564	445.098	0.880
12	38733.481	458.523	0.880
13	37290.010	349.112	0.880
14	37290.010	349.112	0.880
15	38509.617	348.394	0.880
16	38509.617	348.394	0.880
17	38509.617	348.394	0.880
18	37653.088	377.898	0.880
19	37818.696	361.133	0.880
20	36909.533	364.506	0.880
21	40278.339	347.505	0.880
22	38653.680	354.702	0.880
23	42631.932	381.477	0.880
24	39404.533	357.675	0.880
25	39284.063	350.547	0.880
26	43299.265	396.323	0.880
27	42757.700	359.420	0.880
28	42757.700	359.420	0.880
29	42757.700	359.420	0.880
30	40071.865	350.001	0.880
31	40071.865	350.001	0.880
32	40071.865	350.001	0.880
33	40071.865	350.001	0.880
34	40071.865	350.001	0.880
35	40071.865	350.001	0.880
36	40071.865	350.001	0.880
37	40071.865	350.001	0.880
38	40071.865	350.001	0.880
39	40071.865	350.001	0.880
40	40071.865	350.001	0.880
41	40071.865	350.001	0.880
42	40071.865	350.001	0.880
43	40071.865	350.001	0.880
44	40071.865	350.001	0.880
45	40071.865	350.001	0.880
46	40071.865	350.001	0.880
47	40071.865	350.001	0.880
48	40071.865	350.001	0.880
49	40071.865	350.001	0.880
1	36909.226	328.956	0.900
2	34713.243	266.613	0.900
3	35637.777	280.124	0.900
4	35951.442	304.318	0.900
5	36230.768	281.012	0.900
6	38070.625	355.660	0.900
7	39382.462	300.850	0.900
8	40188.760	309.665	0.900
9	37738.569	304.548	0.900
10	37655.350	370.915	0.900
11	37655.350	370.915	0.900
12	39613.787	382.102	0.900
13	38137.510	290.927	0.900
14	38137.510	290.927	0.900
15	39384.835	290.328	0.900
16	39384.835	290.328	0.900
17	39384.835	290.328	0.900
18	38508.840	314.915	0.900
19	38678.211	300.944	0.900
20	37748.386	303.755	0.900
21	41193.756	289.588	0.900
22	39532.173	295.585	0.900
23	43600.840	317.897	0.900
24	40300.090	298.063	0.900
25	40176.883	292.122	0.900
26	44283.339	330.269	0.900
27	43729.466	299.517	0.900
28	43729.466	299.517	0.900
29	43729.466	299.517	0.900
30	40982.589	291.668	0.900
31	40982.589	291.668	0.900
32	40982.589	291.668	0.900
33	40982.589	291.668	0.900
34	40982.589	291.668	0.900
35	40982.589	291.668	0.900
36	40982.589	291.668	0.900
37	40982.589	291.668	0.900
38	40982.589	291.668	0.900
39	40982.589	291.668	0.900
40	40982.589	291.668	0.900
41	40982.589	291.668	0.900
42	40982.589	291.668	0.900
43	40982.589	291.668	0.900
44	40982.589	291.668	0.900
45	40982.589	291.668	0.900
46	40982.589	291.668	0.900
47	40982.589	291.668	0.900
48	40982.589	291.668	0.900
49	40982.589	291.668	0.900
1	37729.431	263.165	0.920
2	35484.648	213.290	0.920
3	36429.728	224.099	0.920
4	36750.363	243.454	0.920
5	37035.896	224.810	0.920
6	38916.639	284.528	0.920
7	40257.628	240.680	0.920
8	41081.843	247.732	0.920
9	38577.204	243.638	0.920
10	38492.135	296.732	0.920
11	38492.135	296.732	0.920
12	40494.094	305.682	0.920
13	38985.010	232.741	0.920
14	38985.010	232.741	0.920
15	40260.054	232.263	0.920
16	40260.054	232.263	0.920
17	40260.054	232.263	0.920
18	39364.592	251.932	0.920
19	39537.727	240.755	0.920
20	38587.239	243.004	0.920
21	42109.173	231.670	0.920
22	40410.666	236.468	0.920
23	44569.748	254.318	0.920
24	41195.648	238.450	0.920
25	41069.702	233.698	0.920
26	45267.413	264.215	0.920
27	44701.232	239.613	0.920
28	44701.232	239.613	0.920
29	44701.232	239.613	0.920
30	41893.313	233.334	0.920
31	41893.313	233.334	0.920
32	41893.313	233.334	0.920
33	41893.313	233.334	0.920
34	41893.313	233.334	0.920
35	41893.313	233.334	0.920
36	41893.313	233.334	0.920
37	41893.313	233.334	0.920
38	41893.313	233.334	0.920
39	41893.313	233.334	0.920
40	41893.313	233.334	0.920
41	41893.313	233.334	0.920
42	41893.313	233.334	0.920
43	41893.313	233.334	0.920
44	41893.313	233.334	0.920
45	41893.313	233.334	0.920
46	41893.313	233.334	0.920
47	41893.313	233.334	0.920
48	41893.313	233.334	0.920
49	41893.313	233.334	0.920
1	38549.636	197.374	0.940
2	36256.053	159.968	0.940
3	37221.678	168.074	0.940
4	37549.284	182.591	0.940
5	37841.024	168.607	0.940
6	39762.653	213.396	0.940
7	41132.793	180.510	0.940
8	41974.927	185.799	0.940
9	39415.839	182.729	0.940
10	39328.921	222.549	0.940
11	39328.921	222.549	0.940
12	41374.400	229.261	0.940
13	39832.511	174.556	0.940
14	39832.511	174.556	0.940
15	41135.272	174.197	0.940
16	41135.272	174.197	0.940
17	41135.272	174.197	0.940
18	40220.344	188.949	0.940
19	40397.243	180.567	0.940
20	39426.092	182.253	0.940
21	43024.590	173.753	0.940
22	41289.158	177.351	0.940
23	45538.655	190.738	0.940
24	42091.205	178.838	0.940
25	41962.522	175.273	0.940
26	46251.487	198.161	0.940
27	45672.998	179.710	0.940
28	45672.998	179.710	0.940
29	45672.998	179.710	0.940
30	42804.037	175.001	0.940
31	42804.037	175.001	0.940
32	42804.037	175.001	0.940
33	42804.037	175.001	0.940
34	42804.037	175.001	0.940
35	42804.037	175.001	0.940
36	42804.037	175.001	0.940
37	42804.037	175.001	0.940
38	42804.037	175.001	0.940
39	42804.037	175.001	0.940
40	42804.037	175.001	0.940
41	42804.037	175.001	0.940
42	42804.037	175.001	0.940
43	42804.037	175.001	0.940
44	42804.037	175.001	0.940
45	42804.037	175.001	0.940
46	42804.037	175.001	0.940
47	42804.037	175.001	0.940
48	42804.037	175.001	0.940
49	42804.037	175.001	0.940
1	39369.841	131.583	0.960
2	37027.459	106.645	0.960
3	38013.629	112.050	0.960
4	38348.205	121.727	0.960
5	38646.153	112.405	0.960
6	40608.667	142.264	0.960
7	42007.959	120.340	0.960
8	42868.010	123.866	0.960
9	40254.474	121.819	0.960
10	40165.707	148.366	0.960
11	40165.707	148.366	0.960
12	42254.706	152.841	0.960
13	40680.011	116.371	0.960
14	40680.011	116.371	0.960
15	42010.491	116.131	0.960
16	42010.491	116.131	0.960
17	42010.491	116.131	0.960
18	41076.096	125.966	0.960
19	41256.759	120.378	0.960
20	40264.945	121.502	0.960
21	43940.007	115.835	0.960
22	42167.651	118.234	0.960
23	46507.563	127.159	0.960
24	42986.763	119.225	0.960
25	42855.341	116.849	0.960
26	47235.561	132.108	0.960
27	46644.764	119.807	0.960
28	46644.764	119.807	0.960
29	46644.764	119.807	0.960
30	43714.762	116.667	0.960
31	43714.762	116.667	0.960
32	43714.762	116.667	0.960
33	43714.762	116.667	0.960
34	43714.762	116.667	0.960
35	43714.762	116.667	0.960
36	43714.762	116.667	0.960
37	43714.762	116.667	0.960
38	43714.762	116.667	0.960
39	43714.762	116.667	0.960
40	43714.762	116.667	0.960
41	43714.762	116.667	0.960
42	43714.762	116.667	0.960
43	43714.762	116.667	0.960
44	43714.762	116.667	0.960
45	43714.762	116.667	0.960
46	43714.762	116.667	0.960
47	43714.762	116.667	0.960
48	43714.762	116.667	0.960
49	43714.762	116.667	0.960
1	40190.046	65.791	0.980
2	37798.864	53.323	0.980
3	38805.579	56.025	0.980
4	39147.126	60.864	0.980
5	39451.281	56.202	0.980
6	41454.681	71.132	0.980
7	42883.125	60.170	0.980
8	43761.094	61.933	0.980
9	41093.109	60.910	0.980
10	41002.492	74.183	0.980
11	41002.492	74.183	0.980
12	43135.013	76.420	0.980
13	41527.511	58.185	0.980
14	41527.511	58.185	0.980
15	42885.710	58.066	0.980
16	42885.710	58.066	0.980
17	42885.710	58.066	0.980
18	41931.848	62.983	0.980
19	42116.275	60.189	0.980
20	41103.798	60.751	0.980
21	44855.423	57.918	0.980
22	43046.144	59.117	0.980
23	47476.470	63.579	0.980
24	43882.320	59.613	0.980
25	43748.161	58.424	0.980
26	48219.636	66.054	0.980
27	47616.530	59.903	0.980
28	47616.530	59.903	0.980
29	47616.530	59.903	0.980
30	44625.486	58.334	0.980
31	44625.486	58.334	0.980
32	44625.486	58.334	0.980
33	44625.486	58.334	0.980
34	44625.486	58.334	0.980
35	44625.486	58.334	0.980
36	44625.486	58.334	0.980
37	44625.486	58.334	0.980
38	44625.486	58.334	0.980
39	44625.486	58.334	0.980
40	44625.486	58.334	0.980
41	44625.486	58.334	0.980
42	44625.486	58.334	0.980
43	44625.486	58.334	0.980
44	44625.486	58.334	0.980
45	44625.486	58.334	0.980
46	44625.486	58.334	0.980
47	44625.486	58.334	0.980
48	44625.486	58.334	0.980
49	44625.486	58.334	0.980
1	41010.251	-0.000	1.000
2	38570.269	-0.000	1.000
3	39597.530	-0.000	1.000
4	39946.047	-0.000	1.000
5	40256.409	-0.000	1.000
6	42300.695	-0.000	1.000
7	43758.291	-0.000	1.000
8	44654.177	-0.000	1.000
9	41931.743	-0.000	1.000
10	41839.278	-0.000	1.000
11	41839.278	-0.000	1.000
12	44015.319	-0.000	1.000
13	42375.011	-0.000	1.000
14	42375.011	-0.000	1.000
15	43760.928	-0.000	1.000
16	43760.928	-0.000	1.000
17	43760.928	-0.000	1.000
18	42787.600	-0.000	1.000
19	42975.790	-0.000	1.000
20	41942.651	-0.000	1.000
21	45770.840	-0.000	1.000
22	43924.636	-0.000	1.000
23	48445.378	-0.000	1.000
24	44777.878	-0.000	1.000
25	44640.981	-0.000	1.000
26	49203.710	-0.000	1.000
27	48588.295	-0.000	1.000
28	48588.295	-0.000	1.000
29	48588.295	-0.000	1.000
30	45536.210	-0.000	1.000
31	45536.210	-0.000	1.000
32	45536.210	-0.000	1.000
33	45536.210	-0.000	1.000
34	45536.210	-0.000	1.000
35	45536.210	-0.000	1.000
36	45536.210	-0.000	1.000
37	45536.210	-0.000	1.000
38	45536.210	-0.000	1.000
39	45536.210	-0.000	1.000
40	45536.210	-0.000	1.000
41	45536.210	-0.000	1.000
42	45536.210	-0.000	1.000
43	45536.210	-0.000	1.000
44	45536.210	-0.000	1.000
45	45536.210	-0.000	1.000
46	45536.210	-0.000	1.000
47	45536.210	-0.000	1.000
48	45536.210	-0.000	1.000
49	45536.210	-0.000	1.000
