Iteration	expected_value	risk	lambda
1	0.000	1571.359	0.000
2	0.000	1528.610	0.000
3	0.000	1958.179	0.000
4	0.000	2054.054	0.000
5	0.000	3064.928	0.000
6	0.000	1456.767	0.000
7	0.000	1363.784	0.000
8	0.000	3086.386	0.000
9	0.000	3432.910	0.000
10	0.000	3481.558	0.000
11	0.000	4124.277	0.000
12	0.000	1553.052	0.000
13	0.000	2384.615	0.000
14	0.000	3575.298	0.000
15	0.000	3767.538	0.000
16	0.000	1525.166	0.000
17	0.000	2088.774	0.000
18	0.000	4414.988	0.000
19	0.000	2251.134	0.000
20	0.000	4907.674	0.000
21	0.000	2276.195	0.000
22	0.000	4343.346	0.000
23	0.000	4773.957	0.000
24	0.000	3986.010	0.000
25	0.000	3986.010	0.000
26	0.000	3986.010	0.000
27	0.000	6017.100	0.000
28	0.000	6017.100	0.000
29	0.000	6017.100	0.000
30	0.000	6017.100	0.000
31	0.000	4559.432	0.000
32	0.000	4559.432	0.000
33	0.000	3634.209	0.000
34	0.000	3634.209	0.000
35	0.000	3634.209	0.000
36	0.000	3082.816	0.000
37	0.000	3082.816	0.000
38	0.000	3082.816	0.000
39	0.000	2003.549	0.000
40	0.000	1851.911	0.000
41	0.000	3425.565	0.000
42	0.000	4871.621	0.000
43	0.000	2762.465	0.000
44	0.000	2762.465	0.000
45	0.000	2762.465	0.000
46	0.000	2762.465	0.000
47	0.000	2762.465	0.000
48	0.000	2762.465	0.000
49	0.000	4748.681	0.000
1	285.826	1539.932	0.020
2	388.181	1498.038	0.020
3	393.688	1919.016	0.020
4	373.666	2012.973	0.020
5	331.051	3003.630	0.020
6	387.801	1427.631	0.020
7	364.766	1336.508	0.020
8	416.074	3024.658	0.020
9	572.034	1521.991	0.020
10	662.964	1776.111	0.020
11	749.996	3003.526	0.020
12	658.664	2522.724	0.020
13	611.343	2966.289	0.020
14	638.924	2014.561	0.020
15	486.136	2359.203	0.020
16	741.252	1702.514	0.020
17	549.913	2230.671	0.020
18	758.481	4326.688	0.020
19	373.429	2206.111	0.020
20	744.147	4809.521	0.020
21	723.066	4256.479	0.020
22	830.048	3909.050	0.020
23	606.124	2356.161	0.020
24	606.124	2356.161	0.020
25	598.053	4673.510	0.020
26	598.053	4673.510	0.020
27	598.053	4673.510	0.020
28	598.053	4673.510	0.020
29	879.536	4468.244	0.020
30	879.536	4468.244	0.020
31	879.536	4468.244	0.020
32	879.536	4468.244	0.020
33	879.536	4468.244	0.020
34	879.536	4468.244	0.020
35	879.536	4468.244	0.020
36	879.536	4468.244	0.020
37	879.536	4468.244	0.020
38	879.536	4468.244	0.020
39	879.536	4468.244	0.020
40	879.536	4468.244	0.020
41	879.536	4468.244	0.020
42	879.536	4468.244	0.020
43	879.536	4468.244	0.020
44	879.536	4468.244	0.020
45	879.536	4468.244	0.020
46	879.536	4468.244	0.020
47	879.536	4468.244	0.020
48	879.536	4468.244	0.020
49	879.536	4468.244	0.020
1	571.651	1508.505	0.040
2	776.362	1467.466	0.040
3	787.377	1879.852	0.040
4	662.102	2942.331	0.040
5	963.305	2660.783	0.040
6	775.603	1398.496	0.040
7	729.533	1309.232	0.040
8	832.147	2962.930	0.040
9	1144.067	1490.930	0.040
10	1298.625	3432.286	0.040
11	888.219	2491.190	0.040
12	1063.795	3809.559	0.040
13	900.884	3297.277	0.040
14	1081.606	5556.282	0.040
15	1426.614	3649.583	0.040
16	1236.570	3826.570	0.040
17	1062.518	2122.349	0.040
18	1446.132	4169.612	0.040
19	1446.132	4169.612	0.040
20	1325.927	1739.864	0.040
21	1325.927	1739.864	0.040
22	1325.927	1739.864	0.040
23	1325.927	1739.864	0.040
24	1325.927	1739.864	0.040
25	1083.922	4658.852	0.040
26	1563.972	4516.030	0.040
27	1563.972	4516.030	0.040
28	1563.972	4516.030	0.040
29	1563.972	4516.030	0.040
30	1093.841	1687.045	0.040
31	1048.145	1809.790	0.040
32	1223.295	2691.856	0.040
33	1518.070	3012.882	0.040
34	1646.650	3381.938	0.040
35	1646.650	3381.938	0.040
36	1646.650	3381.938	0.040
37	1646.650	3381.938	0.040
38	1646.650	3381.938	0.040
39	1205.252	1925.683	0.040
40	1205.252	1925.683	0.040
41	1205.252	1925.683	0.040
42	1205.252	1925.683	0.040
43	1205.252	1925.683	0.040
44	1205.252	1925.683	0.040
45	1205.252	1925.683	0.040
46	1205.252	1925.683	0.040
47	1205.252	1925.683	0.040
48	1442.491	2707.161	0.040
49	1442.491	2707.161	0.040
1	857.477	1477.078	0.060
2	1164.544	1436.893	0.060
3	1181.065	1840.689	0.060
4	993.153	2881.033	0.060
5	1444.958	2605.351	0.060
6	1163.404	1369.361	0.060
7	1208.318	3054.792	0.060
8	1716.101	1459.869	0.060
9	1947.938	3360.780	0.060
10	1332.328	2439.290	0.060
11	1975.993	2419.755	0.060
12	1975.993	2419.755	0.060
13	2117.578	1767.267	0.060
14	1854.856	3746.849	0.060
15	1594.064	1740.796	0.060
16	1594.064	1740.796	0.060
17	1594.064	1740.796	0.060
18	997.315	2288.389	0.060
19	997.315	2288.389	0.060
20	997.315	2288.389	0.060
21	997.315	2288.389	0.060
22	1631.296	2596.717	0.060
23	1606.935	2404.706	0.060
24	1162.053	2606.424	0.060
25	2275.078	2495.962	0.060
26	2275.078	2495.962	0.060
27	1595.692	3730.193	0.060
28	1351.327	3228.584	0.060
29	1345.893	2126.580	0.060
30	1622.409	5440.526	0.060
31	2121.398	5656.074	0.060
32	1345.610	2772.984	0.060
33	1345.610	2772.984	0.060
34	1345.610	2772.984	0.060
35	1345.610	2772.984	0.060
36	1345.610	2772.984	0.060
37	1345.610	2772.984	0.060
38	1345.610	2772.984	0.060
39	2375.883	2334.834	0.060
40	2375.883	2334.834	0.060
41	2375.883	2334.834	0.060
42	2375.883	2334.834	0.060
43	2375.883	2334.834	0.060
44	2375.883	2334.834	0.060
45	2375.883	2334.834	0.060
46	2375.883	2334.834	0.060
47	2375.883	2334.834	0.060
48	2375.883	2334.834	0.060
49	2375.883	2334.834	0.060
1	1143.303	1445.651	0.080
2	1552.725	1406.321	0.080
3	1574.753	1801.525	0.080
4	1324.205	2819.734	0.080
5	1926.610	2549.918	0.080
6	1551.205	1340.225	0.080
7	1611.091	2989.796	0.080
8	2288.135	1428.808	0.080
9	2597.251	3289.274	0.080
10	1776.437	2387.390	0.080
11	2634.658	2368.271	0.080
12	2634.658	2368.271	0.080
13	2823.438	1729.666	0.080
14	2473.141	3667.129	0.080
15	2125.419	1703.758	0.080
16	2125.419	1703.758	0.080
17	2125.419	1703.758	0.080
18	1329.753	2239.700	0.080
19	1329.753	2239.700	0.080
20	1329.753	2239.700	0.080
21	1329.753	2239.700	0.080
22	2175.061	2541.468	0.080
23	2142.580	2353.542	0.080
24	1549.404	2550.968	0.080
25	3033.438	2442.856	0.080
26	3033.438	2442.856	0.080
27	2127.589	3650.827	0.080
28	1801.769	3159.891	0.080
29	1794.523	2081.334	0.080
30	2163.212	5324.771	0.080
31	2828.530	5535.732	0.080
32	1930.051	3260.423	0.080
33	1930.051	3260.423	0.080
34	1930.051	3260.423	0.080
35	1930.051	3260.423	0.080
36	1930.051	3260.423	0.080
37	1930.051	3260.423	0.080
38	1930.051	3260.423	0.080
39	1930.051	3260.423	0.080
40	1930.051	3260.423	0.080
41	1930.051	3260.423	0.080
42	1930.051	3260.423	0.080
43	1930.051	3260.423	0.080
44	1930.051	3260.423	0.080
45	1930.051	3260.423	0.080
46	1930.051	3260.423	0.080
47	1930.051	3260.423	0.080
48	1930.051	3260.423	0.080
49	1930.051	3260.423	0.080
1	1429.128	1414.223	0.100
2	1940.906	1375.749	0.100
3	1968.441	1762.361	0.100
4	1655.256	2758.435	0.100
5	2408.263	2494.485	0.100
6	1939.006	1311.090	0.100
7	2013.863	2924.801	0.100
8	2860.168	1397.747	0.100
9	3246.564	3217.768	0.100
10	2220.547	2335.490	0.100
11	1936.754	2495.512	0.100
12	1936.754	2495.512	0.100
13	3293.322	2316.787	0.100
14	3091.426	3587.409	0.100
15	2656.773	1666.720	0.100
16	2656.773	1666.720	0.100
17	2656.773	1666.720	0.100
18	1662.192	2191.011	0.100
19	1662.192	2191.011	0.100
20	1662.192	2191.011	0.100
21	1662.192	2191.011	0.100
22	2718.827	2486.219	0.100
23	2678.224	2302.378	0.100
24	2842.532	3019.134	0.100
25	2842.532	3019.134	0.100
26	2842.532	3019.134	0.100
27	2659.487	3571.461	0.100
28	2252.211	3091.197	0.100
29	2243.154	2036.087	0.100
30	2704.015	5209.015	0.100
31	3535.663	5415.390	0.100
32	2412.563	3189.544	0.100
33	2412.563	3189.544	0.100
34	2412.563	3189.544	0.100
35	2412.563	3189.544	0.100
36	2412.563	3189.544	0.100
37	2412.563	3189.544	0.100
38	2412.563	3189.544	0.100
39	2412.563	3189.544	0.100
40	2412.563	3189.544	0.100
41	2412.563	3189.544	0.100
42	2412.563	3189.544	0.100
43	2412.563	3189.544	0.100
44	2412.563	3189.544	0.100
45	2412.563	3189.544	0.100
46	2412.563	3189.544	0.100
47	2412.563	3189.544	0.100
48	2412.563	3189.544	0.100
49	2412.563	3189.544	0.100
1	1714.954	1382.796	0.120
2	2329.087	1345.177	0.120
3	2362.130	1723.198	0.120
4	1986.307	2697.137	0.120
5	2889.915	2439.052	0.120
6	2326.808	1281.955	0.120
7	2416.636	2859.805	0.120
8	3432.202	1366.686	0.120
9	3895.876	3146.262	0.120
10	2664.656	2283.590	0.120
11	2324.105	2440.057	0.120
12	2324.105	2440.057	0.120
13	3951.987	2265.303	0.120
14	3709.711	3507.689	0.120
15	3188.128	1629.681	0.120
16	3188.128	1629.681	0.120
17	3188.128	1629.681	0.120
18	1994.630	2142.322	0.120
19	1994.630	2142.322	0.120
20	1994.630	2142.322	0.120
21	1994.630	2142.322	0.120
22	3262.592	2430.969	0.120
23	3213.869	2251.214	0.120
24	3411.039	2952.042	0.120
25	3411.039	2952.042	0.120
26	3411.039	2952.042	0.120
27	3411.039	2952.042	0.120
28	3411.039	2952.042	0.120
29	3411.039	2952.042	0.120
30	3191.384	3492.096	0.120
31	2702.653	3022.504	0.120
32	3244.818	5093.259	0.120
33	4094.854	3858.238	0.120
34	4242.795	5295.048	0.120
35	2895.076	3118.666	0.120
36	2895.076	3118.666	0.120
37	2895.076	3118.666	0.120
38	2895.076	3118.666	0.120
39	2895.076	3118.666	0.120
40	2895.076	3118.666	0.120
41	2895.076	3118.666	0.120
42	2895.076	3118.666	0.120
43	2895.076	3118.666	0.120
44	2895.076	3118.666	0.120
45	2895.076	3118.666	0.120
46	2895.076	3118.666	0.120
47	2895.076	3118.666	0.120
48	2895.076	3118.666	0.120
49	2895.076	3118.666	0.120
1	2000.780	1351.369	0.140
2	2717.268	1314.605	0.140
3	2755.818	1684.034	0.140
4	2317.358	2635.838	0.140
5	3371.568	2383.619	0.140
6	2714.609	1252.819	0.140
7	2819.408	2794.810	0.140
8	4004.236	1335.625	0.140
9	4545.189	3074.756	0.140
10	2327.068	2093.633	0.140
11	3110.551	2321.479	0.140
12	4449.783	2664.242	0.140
13	3108.765	2231.691	0.140
14	2711.456	2384.601	0.140
15	2711.456	2384.601	0.140
16	3603.305	3163.539	0.140
17	3603.305	3163.539	0.140
18	3603.305	3163.539	0.140
19	5001.193	1723.052	0.140
20	4327.996	3427.969	0.140
21	3719.483	1592.643	0.140
22	3719.483	1592.643	0.140
23	3719.483	1592.643	0.140
24	3719.483	1592.643	0.140
25	3719.483	1592.643	0.140
26	3719.483	1592.643	0.140
27	3719.483	1592.643	0.140
28	5076.910	2409.647	0.140
29	3749.514	2200.050	0.140
30	3749.514	2200.050	0.140
31	3749.514	2200.050	0.140
32	3749.514	2200.050	0.140
33	3749.514	2200.050	0.140
34	3749.514	2200.050	0.140
35	3749.514	2200.050	0.140
36	3749.514	2200.050	0.140
37	3749.514	2200.050	0.140
38	3749.514	2200.050	0.140
39	3749.514	2200.050	0.140
40	5136.210	2967.982	0.140
41	5136.210	2967.982	0.140
42	5136.210	2967.982	0.140
43	5136.210	2967.982	0.140
44	5136.210	2967.982	0.140
45	5136.210	2967.982	0.140
46	5136.210	2967.982	0.140
47	5136.210	2967.982	0.140
48	5136.210	2967.982	0.140
49	5136.210	2967.982	0.140
1	2286.605	1319.942	0.160
2	3105.450	1284.032	0.160
3	4001.587	2003.077	0.160
4	4655.410	2501.462	0.160
5	3112.358	2883.645	0.160
6	3719.983	2458.544	0.160
7	5085.467	2602.283	0.160
8	3514.361	1389.675	0.160
9	3637.305	2964.154	0.160
10	3637.305	2964.154	0.160
11	5465.731	2460.059	0.160
12	2648.409	2574.540	0.160
13	3094.573	3123.537	0.160
14	3762.061	4345.319	0.160
15	5815.423	3246.967	0.160
16	5815.423	3246.967	0.160
17	5269.316	2162.335	0.160
18	5269.316	2162.335	0.160
19	5869.954	2898.959	0.160
20	3757.557	6101.396	0.160
21	5704.314	2233.612	0.160
22	3546.827	1471.667	0.160
23	5706.456	3193.385	0.160
24	4255.179	3333.364	0.160
25	4255.179	3333.364	0.160
26	4255.179	3333.364	0.160
27	4255.179	3333.364	0.160
28	4255.179	3333.364	0.160
29	4255.179	3333.364	0.160
30	4255.179	3333.364	0.160
31	4255.179	3333.364	0.160
32	4255.179	3333.364	0.160
33	4255.179	3333.364	0.160
34	4255.179	3333.364	0.160
35	6174.374	4889.027	0.160
36	6174.374	4889.027	0.160
37	6174.374	4889.027	0.160
38	6174.374	4889.027	0.160
39	6174.374	4889.027	0.160
40	6174.374	4889.027	0.160
41	6174.374	4889.027	0.160
42	6174.374	4889.027	0.160
43	6174.374	4889.027	0.160
44	6174.374	4889.027	0.160
45	6174.374	4889.027	0.160
46	6174.374	4889.027	0.160
47	6174.374	4889.027	0.160
48	6174.374	4889.027	0.160
49	6174.374	4889.027	0.160
1	2572.431	1288.515	0.180
2	3493.631	1253.460	0.180
3	4501.786	1955.384	0.180
4	5237.336	2441.904	0.180
5	3501.403	2814.986	0.180
6	4184.981	2400.007	0.180
7	5721.150	2540.324	0.180
8	3953.656	1356.588	0.180
9	4091.968	2893.579	0.180
10	4091.968	2893.579	0.180
11	6148.948	2401.487	0.180
12	2979.460	2513.241	0.180
13	3481.394	3049.167	0.180
14	4232.319	4241.859	0.180
15	6542.351	3169.658	0.180
16	6542.351	3169.658	0.180
17	5927.980	2110.850	0.180
18	5927.980	2110.850	0.180
19	6603.698	2829.936	0.180
20	4227.252	5956.125	0.180
21	6417.353	2180.431	0.180
22	6417.353	2180.431	0.180
23	6417.353	2180.431	0.180
24	6417.353	2180.431	0.180
25	6417.353	2180.431	0.180
26	6417.353	2180.431	0.180
27	6419.763	3117.352	0.180
28	6419.763	3117.352	0.180
29	6419.763	3117.352	0.180
30	6419.763	3117.352	0.180
31	6419.763	3117.352	0.180
32	6419.763	3117.352	0.180
33	6419.763	3117.352	0.180
34	6419.763	3117.352	0.180
35	6419.763	3117.352	0.180
36	6419.763	3117.352	0.180
37	6419.763	3117.352	0.180
38	6419.763	3117.352	0.180
39	6419.763	3117.352	0.180
40	6419.763	3117.352	0.180
41	6419.763	3117.352	0.180
42	6419.763	3117.352	0.180
43	6419.763	3117.352	0.180
44	6419.763	3117.352	0.180
45	6419.763	3117.352	0.180
46	6419.763	3117.352	0.180
47	6419.763	3117.352	0.180
48	6419.763	3117.352	0.180
49	6419.763	3117.352	0.180
1	2858.257	1257.087	0.200
2	3881.812	1222.888	0.200
3	5001.984	1907.692	0.200
4	5819.262	2382.345	0.200
5	3890.448	2746.328	0.200
6	4649.979	2341.470	0.200
7	6356.833	2478.365	0.200
8	4546.631	2823.004	0.200
9	4754.749	1431.344	0.200
10	3878.013	1165.413	0.200
11	3868.249	1968.508	0.200
12	6231.629	2518.149	0.200
13	3955.898	1939.874	0.200
14	4341.969	3345.522	0.200
15	4647.955	2399.904	0.200
16	4078.177	1680.037	0.200
17	5980.535	3815.110	0.200
18	6832.164	2342.914	0.200
19	6832.164	2342.914	0.200
20	6548.574	2709.562	0.200
21	4702.576	4138.399	0.200
22	4504.422	2747.731	0.200
23	5148.940	1220.133	0.200
24	7130.392	2127.249	0.200
25	6705.199	2306.064	0.200
26	7133.071	3041.319	0.200
27	7441.465	3926.139	0.200
28	7441.465	3926.139	0.200
29	7441.465	3926.139	0.200
30	7878.170	2244.886	0.200
31	7878.170	2244.886	0.200
32	7878.170	2244.886	0.200
33	7878.170	2244.886	0.200
34	6586.645	2059.366	0.200
35	6586.645	2059.366	0.200
36	7252.728	2241.532	0.200
37	7252.728	2241.532	0.200
38	7252.728	2241.532	0.200
39	7252.728	2241.532	0.200
40	7252.728	2241.532	0.200
41	7252.728	2241.532	0.200
42	7252.728	2241.532	0.200
43	7252.728	2241.532	0.200
44	7252.728	2241.532	0.200
45	7252.728	2241.532	0.200
46	7252.728	2241.532	0.200
47	7252.728	2241.532	0.200
48	7252.728	2241.532	0.200
49	7252.728	2241.532	0.200
1	3144.083	1225.660	0.220
2	4269.993	1192.316	0.220
3	5502.183	1860.000	0.220
4	6401.188	2322.787	0.220
5	4279.492	2677.670	0.220
6	5114.977	2282.934	0.220
7	6992.517	2416.406	0.220
8	5001.294	2752.429	0.220
9	5230.224	1395.560	0.220
10	4265.814	1136.278	0.220
11	4255.074	1919.295	0.220
12	6854.792	2455.195	0.220
13	4351.488	1891.377	0.220
14	4776.165	3261.884	0.220
15	5112.751	2339.907	0.220
16	4485.995	1638.036	0.220
17	6578.588	3719.732	0.220
18	7515.380	2284.341	0.220
19	7515.380	2284.341	0.220
20	7203.432	2641.823	0.220
21	5172.834	4034.939	0.220
22	4954.865	2679.038	0.220
23	5663.834	1189.630	0.220
24	7843.431	2074.068	0.220
25	7375.719	2248.412	0.220
26	7846.378	2965.286	0.220
27	4933.905	2300.986	0.220
28	4933.905	2300.986	0.220
29	4933.905	2300.986	0.220
30	4933.905	2300.986	0.220
31	7978.001	2185.494	0.220
32	7978.001	2185.494	0.220
33	7978.001	2185.494	0.220
34	7978.001	2185.494	0.220
35	7978.001	2185.494	0.220
36	7978.001	2185.494	0.220
37	7978.001	2185.494	0.220
38	7978.001	2185.494	0.220
39	7978.001	2185.494	0.220
40	7978.001	2185.494	0.220
41	7978.001	2185.494	0.220
42	7978.001	2185.494	0.220
43	7978.001	2185.494	0.220
44	7978.001	2185.494	0.220
45	7978.001	2185.494	0.220
46	7978.001	2185.494	0.220
47	7978.001	2185.494	0.220
48	7978.001	2185.494	0.220
49	7978.001	2185.494	0.220
1	3429.908	1194.233	0.240
2	4658.174	1161.744	0.240
3	6002.381	1812.307	0.240
4	6983.114	2263.228	0.240
5	4668.537	2609.012	0.240
6	5579.975	2224.397	0.240
7	7628.200	2354.447	0.240
8	5455.957	2681.854	0.240
9	5705.698	1359.776	0.240
10	4653.615	1107.143	0.240
11	4641.899	1870.083	0.240
12	7477.955	2392.241	0.240
13	4747.078	1842.880	0.240
14	5210.362	3178.246	0.240
15	5577.547	2279.909	0.240
16	4893.812	1596.035	0.240
17	7176.642	3624.355	0.240
18	8198.597	2225.768	0.240
19	8198.597	2225.768	0.240
20	7858.289	2574.084	0.240
21	5643.092	3931.479	0.240
22	5405.307	2610.344	0.240
23	6178.728	1159.126	0.240
24	8556.470	2020.887	0.240
25	8046.239	2190.761	0.240
26	8559.685	2889.253	0.240
27	5382.442	2241.987	0.240
28	5382.442	2241.987	0.240
29	5382.442	2241.987	0.240
30	5382.442	2241.987	0.240
31	8703.274	2129.456	0.240
32	8703.274	2129.456	0.240
33	8703.274	2129.456	0.240
34	8703.274	2129.456	0.240
35	8703.274	2129.456	0.240
36	8703.274	2129.456	0.240
37	8703.274	2129.456	0.240
38	8703.274	2129.456	0.240
39	8703.274	2129.456	0.240
40	8703.274	2129.456	0.240
41	8703.274	2129.456	0.240
42	8703.274	2129.456	0.240
43	8703.274	2129.456	0.240
44	8703.274	2129.456	0.240
45	8703.274	2129.456	0.240
46	8703.274	2129.456	0.240
47	8703.274	2129.456	0.240
48	8703.274	2129.456	0.240
49	8703.274	2129.456	0.240
1	3715.734	1162.806	0.260
2	5046.356	1131.171	0.260
3	6502.579	1764.615	0.260
4	7565.040	2203.669	0.260
5	5057.582	2540.354	0.260
6	6044.973	2165.860	0.260
7	8263.883	2292.488	0.260
8	5910.620	2611.278	0.260
9	6181.173	1323.993	0.260
10	5041.416	1078.007	0.260
11	5028.724	1820.870	0.260
12	8101.118	2329.288	0.260
13	5142.667	1794.383	0.260
14	5301.630	1554.034	0.260
15	7774.695	3528.977	0.260
16	8881.813	2167.195	0.260
17	8881.813	2167.195	0.260
18	8513.147	2506.345	0.260
19	6113.349	3828.019	0.260
20	5855.749	2541.651	0.260
21	6002.937	2151.113	0.260
22	6002.937	2151.113	0.260
23	6002.937	2151.113	0.260
24	8562.638	1904.914	0.260
25	8562.638	1904.914	0.260
26	9428.547	2073.418	0.260
27	9399.857	3214.076	0.260
28	9269.509	1967.706	0.260
29	9269.509	1967.706	0.260
30	9269.509	1967.706	0.260
31	9269.509	1967.706	0.260
32	9269.509	1967.706	0.260
33	9269.509	1967.706	0.260
34	9269.509	1967.706	0.260
35	9269.509	1967.706	0.260
36	9269.509	1967.706	0.260
37	9269.509	1967.706	0.260
38	9269.509	1967.706	0.260
39	9269.509	1967.706	0.260
40	9269.509	1967.706	0.260
41	9269.509	1967.706	0.260
42	9269.509	1967.706	0.260
43	9269.509	1967.706	0.260
44	9269.509	1967.706	0.260
45	9269.509	1967.706	0.260
46	9269.509	1967.706	0.260
47	9269.509	1967.706	0.260
48	9269.509	1967.706	0.260
49	9269.509	1967.706	0.260
1	4001.560	1131.379	0.280
2	5434.537	1100.599	0.280
3	7002.778	1716.923	0.280
4	8146.967	2144.111	0.280
5	5446.627	2471.695	0.280
6	6509.970	2107.323	0.280
7	8899.567	2230.528	0.280
8	6365.283	2540.703	0.280
9	6656.648	1288.209	0.280
10	5429.218	1048.872	0.280
11	5415.549	1771.657	0.280
12	8724.281	2266.334	0.280
13	5538.257	1745.887	0.280
14	5709.448	1512.033	0.280
15	8372.749	3433.599	0.280
16	9565.030	2108.622	0.280
17	9565.030	2108.622	0.280
18	9168.004	2438.606	0.280
19	6583.607	3724.559	0.280
20	6306.191	2472.958	0.280
21	6464.701	2092.975	0.280
22	6464.701	2092.975	0.280
23	6464.701	2092.975	0.280
24	9221.302	1853.430	0.280
25	9221.302	1853.430	0.280
26	10153.819	2017.379	0.280
27	10122.923	3127.209	0.280
28	9982.549	1914.525	0.280
29	9982.549	1914.525	0.280
30	9982.549	1914.525	0.280
31	9982.549	1914.525	0.280
32	9982.549	1914.525	0.280
33	9982.549	1914.525	0.280
34	9982.549	1914.525	0.280
35	9982.549	1914.525	0.280
36	9982.549	1914.525	0.280
37	9982.549	1914.525	0.280
38	9982.549	1914.525	0.280
39	9982.549	1914.525	0.280
40	9982.549	1914.525	0.280
41	9982.549	1914.525	0.280
42	9982.549	1914.525	0.280
43	9982.549	1914.525	0.280
44	9982.549	1914.525	0.280
45	9982.549	1914.525	0.280
46	9982.549	1914.525	0.280
47	9982.549	1914.525	0.280
48	9982.549	1914.525	0.280
49	9982.549	1914.525	0.280
1	4287.385	1099.951	0.300
2	5822.718	1070.027	0.300
3	7502.976	1669.230	0.300
4	8728.893	2084.552	0.300
5	5835.671	2403.037	0.300
6	6974.968	2048.787	0.300
7	9535.250	2168.569	0.300
8	6819.946	2470.128	0.300
9	7132.123	1252.426	0.300
10	5817.019	1019.737	0.300
11	5802.374	1722.445	0.300
12	6117.266	1470.032	0.300
13	8359.187	2757.900	0.300
14	8527.597	2348.216	0.300
15	10436.413	2266.306	0.300
16	10248.246	2050.049	0.300
17	10248.246	2050.049	0.300
18	9822.862	2370.867	0.300
19	7053.865	3621.099	0.300
20	6639.923	1816.639	0.300
21	6926.466	2034.837	0.300
22	6926.466	2034.837	0.300
23	6926.466	2034.837	0.300
24	9879.967	1801.946	0.300
25	9879.967	1801.946	0.300
26	10879.092	1961.341	0.300
27	10845.989	3040.342	0.300
28	10695.588	1861.343	0.300
29	10695.588	1861.343	0.300
30	10695.588	1861.343	0.300
31	10695.588	1861.343	0.300
32	10695.588	1861.343	0.300
33	10695.588	1861.343	0.300
34	10695.588	1861.343	0.300
35	10695.588	1861.343	0.300
36	10695.588	1861.343	0.300
37	10695.588	1861.343	0.300
38	10695.588	1861.343	0.300
39	10695.588	1861.343	0.300
40	10695.588	1861.343	0.300
41	10695.588	1861.343	0.300
42	10695.588	1861.343	0.300
43	10695.588	1861.343	0.300
44	10695.588	1861.343	0.300
45	10695.588	1861.343	0.300
46	10695.588	1861.343	0.300
47	10695.588	1861.343	0.300
48	10695.588	1861.343	0.300
49	10695.588	1861.343	0.300
1	4573.211	1068.524	0.320
2	6210.899	1039.455	0.320
3	8003.175	1621.538	0.320
4	9310.819	2024.993	0.320
5	6224.716	2334.379	0.320
6	7439.966	1990.250	0.320
7	10170.933	2106.610	0.320
8	7274.609	2399.553	0.320
9	7607.598	1216.642	0.320
10	6204.820	990.601	0.320
11	6189.199	1673.232	0.320
12	6525.083	1428.031	0.320
13	8916.466	2679.103	0.320
14	9096.103	2281.124	0.320
15	11132.174	2201.555	0.320
16	10931.462	1991.477	0.320
17	10931.462	1991.477	0.320
18	10477.719	2303.128	0.320
19	7524.122	3517.639	0.320
20	7082.585	1764.735	0.320
21	7388.230	1976.699	0.320
22	7388.230	1976.699	0.320
23	7388.230	1976.699	0.320
24	10538.631	1750.461	0.320
25	10538.631	1750.461	0.320
26	11604.365	1905.303	0.320
27	11569.055	2953.475	0.320
28	11408.627	1808.162	0.320
29	11408.627	1808.162	0.320
30	11408.627	1808.162	0.320
31	11408.627	1808.162	0.320
32	11408.627	1808.162	0.320
33	11408.627	1808.162	0.320
34	11408.627	1808.162	0.320
35	11408.627	1808.162	0.320
36	11408.627	1808.162	0.320
37	11408.627	1808.162	0.320
38	11408.627	1808.162	0.320
39	11408.627	1808.162	0.320
40	11408.627	1808.162	0.320
41	11408.627	1808.162	0.320
42	11408.627	1808.162	0.320
43	11408.627	1808.162	0.320
44	11408.627	1808.162	0.320
45	11408.627	1808.162	0.320
46	11408.627	1808.162	0.320
47	11408.627	1808.162	0.320
48	11408.627	1808.162	0.320
49	11408.627	1808.162	0.320
1	4859.037	1037.097	0.340
2	6599.080	1008.883	0.340
3	8503.373	1573.846	0.340
4	9892.745	1965.435	0.340
5	6613.761	2265.721	0.340
6	7904.964	1931.713	0.340
7	10806.617	2044.651	0.340
8	7729.272	2328.978	0.340
9	8083.073	1180.858	0.340
10	6592.621	961.466	0.340
11	6576.024	1624.019	0.340
12	6932.901	1386.030	0.340
13	9473.745	2600.306	0.340
14	9664.609	2214.032	0.340
15	11827.935	2136.803	0.340
16	11614.679	1932.904	0.340
17	11614.679	1932.904	0.340
18	11132.577	2235.389	0.340
19	7994.380	3414.179	0.340
20	7525.246	1712.831	0.340
21	7849.994	1918.560	0.340
22	7849.994	1918.560	0.340
23	7849.994	1918.560	0.340
24	11197.296	1698.977	0.340
25	11197.296	1698.977	0.340
26	12329.638	1849.264	0.340
27	12292.121	2866.608	0.340
28	12121.666	1754.981	0.340
29	12121.666	1754.981	0.340
30	12121.666	1754.981	0.340
31	12121.666	1754.981	0.340
32	12121.666	1754.981	0.340
33	12121.666	1754.981	0.340
34	12121.666	1754.981	0.340
35	12121.666	1754.981	0.340
36	12121.666	1754.981	0.340
37	12121.666	1754.981	0.340
38	12121.666	1754.981	0.340
39	12121.666	1754.981	0.340
40	12121.666	1754.981	0.340
41	12121.666	1754.981	0.340
42	12121.666	1754.981	0.340
43	12121.666	1754.981	0.340
44	12121.666	1754.981	0.340
45	12121.666	1754.981	0.340
46	12121.666	1754.981	0.340
47	12121.666	1754.981	0.340
48	12121.666	1754.981	0.340
49	12121.666	1754.981	0.340
1	5144.862	1005.670	0.360
2	6987.262	978.310	0.360
3	9003.571	1526.154	0.360
4	10474.671	1905.876	0.360
5	7002.806	2197.063	0.360
6	8369.962	1873.176	0.360
7	11442.300	1982.692	0.360
8	8183.935	2258.403	0.360
9	8558.548	1145.075	0.360
10	6980.423	932.331	0.360
11	6962.849	1574.807	0.360
12	7340.719	1344.029	0.360
13	10031.024	2521.509	0.360
14	10233.116	2146.940	0.360
15	12523.696	2072.052	0.360
16	12297.895	1874.331	0.360
17	12297.895	1874.331	0.360
18	11787.434	2167.650	0.360
19	8464.638	3310.719	0.360
20	7967.908	1660.927	0.360
21	8311.759	1860.422	0.360
22	8311.759	1860.422	0.360
23	8311.759	1860.422	0.360
24	11855.960	1647.493	0.360
25	11855.960	1647.493	0.360
26	13054.911	1793.226	0.360
27	13015.187	2779.741	0.360
28	12834.705	1701.800	0.360
29	12834.705	1701.800	0.360
30	12834.705	1701.800	0.360
31	12834.705	1701.800	0.360
32	12834.705	1701.800	0.360
33	12834.705	1701.800	0.360
34	12834.705	1701.800	0.360
35	12834.705	1701.800	0.360
36	12834.705	1701.800	0.360
37	12834.705	1701.800	0.360
38	12834.705	1701.800	0.360
39	12834.705	1701.800	0.360
40	12834.705	1701.800	0.360
41	12834.705	1701.800	0.360
42	12834.705	1701.800	0.360
43	12834.705	1701.800	0.360
44	12834.705	1701.800	0.360
45	12834.705	1701.800	0.360
46	12834.705	1701.800	0.360
47	12834.705	1701.800	0.360
48	12834.705	1701.800	0.360
49	12834.705	1701.800	0.360
1	5430.688	974.243	0.380
2	7375.443	947.738	0.380
3	9503.770	1478.461	0.380
4	11056.598	1846.317	0.380
5	7391.850	2128.404	0.380
6	8834.960	1814.640	0.380
7	12077.983	1920.733	0.380
8	8638.598	2187.828	0.380
9	9034.023	1109.291	0.380
10	7368.224	903.195	0.380
11	7349.674	1525.594	0.380
12	7748.536	1302.029	0.380
13	10588.303	2442.712	0.380
14	10801.622	2079.848	0.380
15	13219.457	2007.300	0.380
16	12981.112	1815.758	0.380
17	12981.112	1815.758	0.380
18	12442.291	2099.911	0.380
19	8934.895	3207.259	0.380
20	8410.569	1609.023	0.380
21	8773.523	1802.284	0.380
22	8773.523	1802.284	0.380
23	8773.523	1802.284	0.380
24	12514.625	1596.009	0.380
25	12514.625	1596.009	0.380
26	13780.183	1737.188	0.380
27	13738.253	2692.874	0.380
28	13547.745	1648.618	0.380
29	13547.745	1648.618	0.380
30	13547.745	1648.618	0.380
31	13547.745	1648.618	0.380
32	13547.745	1648.618	0.380
33	13547.745	1648.618	0.380
34	13547.745	1648.618	0.380
35	13547.745	1648.618	0.380
36	13547.745	1648.618	0.380
37	13547.745	1648.618	0.380
38	13547.745	1648.618	0.380
39	13547.745	1648.618	0.380
40	13547.745	1648.618	0.380
41	13547.745	1648.618	0.380
42	13547.745	1648.618	0.380
43	13547.745	1648.618	0.380
44	13547.745	1648.618	0.380
45	13547.745	1648.618	0.380
46	13547.745	1648.618	0.380
47	13547.745	1648.618	0.380
48	13547.745	1648.618	0.380
49	13547.745	1648.618	0.380
1	5716.514	942.816	0.400
2	7763.624	917.166	0.400
3	10003.968	1430.769	0.400
4	11638.524	1786.759	0.400
5	7780.895	2059.746	0.400
6	9299.958	1756.103	0.400
7	12713.667	1858.774	0.400
8	9093.261	2117.253	0.400
9	8867.068	1051.191	0.400
10	8867.068	1051.191	0.400
11	13664.328	1757.185	0.400
12	6621.023	1838.957	0.400
13	7911.796	1454.905	0.400
14	7295.328	818.270	0.400
15	7174.751	1571.520	0.400
16	11521.729	2364.064	0.400
17	13097.149	2032.172	0.400
18	13097.149	2032.172	0.400
19	13173.289	1544.525	0.400
20	13410.398	1729.548	0.400
21	9650.253	2126.363	0.400
22	9393.893	4358.140	0.400
23	9405.153	3103.800	0.400
24	9405.153	3103.800	0.400
25	9405.153	3103.800	0.400
26	9405.153	3103.800	0.400
27	9405.153	3103.800	0.400
28	14505.456	1681.149	0.400
29	14266.141	2280.989	0.400
30	14260.784	1595.437	0.400
31	14260.784	1595.437	0.400
32	14260.784	1595.437	0.400
33	14260.784	1595.437	0.400
34	14260.784	1595.437	0.400
35	14260.784	1595.437	0.400
36	14260.784	1595.437	0.400
37	14260.784	1595.437	0.400
38	14260.784	1595.437	0.400
39	14260.784	1595.437	0.400
40	14260.784	1595.437	0.400
41	14260.784	1595.437	0.400
42	14260.784	1595.437	0.400
43	14260.784	1595.437	0.400
44	14260.784	1595.437	0.400
45	14260.784	1595.437	0.400
46	14260.784	1595.437	0.400
47	14260.784	1595.437	0.400
48	14260.784	1595.437	0.400
49	14260.784	1595.437	0.400
1	6002.339	911.388	0.420
2	8151.805	886.594	0.420
3	10504.167	1383.077	0.420
4	12220.450	1727.200	0.420
5	8169.940	1991.088	0.420
6	9764.956	1697.566	0.420
7	13349.350	1796.815	0.420
8	9547.924	2046.678	0.420
9	9310.421	1016.151	0.420
10	9310.421	1016.151	0.420
11	14347.544	1698.612	0.420
12	6952.074	1777.658	0.420
13	8307.386	1406.409	0.420
14	7660.094	790.995	0.420
15	7533.489	1519.136	0.420
16	12097.816	2285.262	0.420
17	13752.006	1964.432	0.420
18	13752.006	1964.432	0.420
19	13831.954	1493.041	0.420
20	14080.917	1671.896	0.420
21	10132.766	2055.484	0.420
22	10132.766	2055.484	0.420
23	10132.766	2055.484	0.420
24	9419.273	1710.990	0.420
25	9419.273	1710.990	0.420
26	9419.273	1710.990	0.420
27	9419.273	1710.990	0.420
28	15146.154	1635.577	0.420
29	15146.154	1635.577	0.420
30	15146.154	1635.577	0.420
31	9875.410	3000.340	0.420
32	15230.729	1625.111	0.420
33	15230.729	1625.111	0.420
34	15230.729	1625.111	0.420
35	15230.729	1625.111	0.420
36	15230.729	1625.111	0.420
37	15230.729	1625.111	0.420
38	9863.588	4212.869	0.420
39	9863.588	4212.869	0.420
40	9863.588	4212.869	0.420
41	9863.588	4212.869	0.420
42	9863.588	4212.869	0.420
43	9863.588	4212.869	0.420
44	9863.588	4212.869	0.420
45	9863.588	4212.869	0.420
46	9863.588	4212.869	0.420
47	9863.588	4212.869	0.420
48	9863.588	4212.869	0.420
49	9863.588	4212.869	0.420
1	6288.165	879.961	0.440
2	8539.986	856.022	0.440
3	11004.365	1335.384	0.440
4	12802.376	1667.642	0.440
5	8558.985	1922.430	0.440
6	10229.954	1639.029	0.440
7	13985.033	1734.855	0.440
8	10002.587	1976.103	0.440
9	9753.775	981.112	0.440
10	9753.775	981.112	0.440
11	15030.761	1640.040	0.440
12	7283.125	1716.360	0.440
13	8702.976	1357.912	0.440
14	8024.861	763.719	0.440
15	7892.226	1466.752	0.440
16	12673.902	2206.460	0.440
17	14406.864	1896.693	0.440
18	14406.864	1896.693	0.440
19	14490.618	1441.556	0.440
20	14751.437	1614.245	0.440
21	10615.278	1984.605	0.440
22	10615.278	1984.605	0.440
23	10615.278	1984.605	0.440
24	9867.809	1651.990	0.440
25	9867.809	1651.990	0.440
26	9867.809	1651.990	0.440
27	9867.809	1651.990	0.440
28	15867.399	1579.177	0.440
29	15867.399	1579.177	0.440
30	15867.399	1579.177	0.440
31	10345.668	2896.880	0.440
32	15956.002	1569.073	0.440
33	15956.002	1569.073	0.440
34	15956.002	1569.073	0.440
35	15956.002	1569.073	0.440
36	15956.002	1569.073	0.440
37	15956.002	1569.073	0.440
38	10333.283	4067.597	0.440
39	10333.283	4067.597	0.440
40	10333.283	4067.597	0.440
41	10333.283	4067.597	0.440
42	10333.283	4067.597	0.440
43	10333.283	4067.597	0.440
44	10333.283	4067.597	0.440
45	10333.283	4067.597	0.440
46	10333.283	4067.597	0.440
47	10333.283	4067.597	0.440
48	10333.283	4067.597	0.440
49	10333.283	4067.597	0.440
1	6573.991	848.534	0.460
2	8928.168	825.449	0.460
3	11504.564	1287.692	0.460
4	13384.302	1608.083	0.460
5	8948.029	1853.772	0.460
6	10694.951	1580.493	0.460
7	14620.717	1672.896	0.460
8	10457.251	1905.527	0.460
9	10197.128	946.072	0.460
10	10197.128	946.072	0.460
11	15713.977	1581.467	0.460
12	10316.346	1592.991	0.460
13	10316.346	1592.991	0.460
14	14518.540	1049.732	0.460
15	14777.747	2093.855	0.460
16	14777.747	2093.855	0.460
17	14777.747	2093.855	0.460
18	14777.747	2093.855	0.460
19	14777.747	2093.855	0.460
20	14777.747	2093.855	0.460
21	14777.747	2093.855	0.460
22	14777.747	2093.855	0.460
23	14777.747	2093.855	0.460
24	14777.747	2093.855	0.460
25	14777.747	2093.855	0.460
26	14777.747	2093.855	0.460
27	14777.747	2093.855	0.460
28	14777.747	2093.855	0.460
29	14777.747	2093.855	0.460
30	14777.747	2093.855	0.460
31	14777.747	2093.855	0.460
32	14777.747	2093.855	0.460
33	14777.747	2093.855	0.460
34	14777.747	2093.855	0.460
35	14777.747	2093.855	0.460
36	14777.747	2093.855	0.460
37	14777.747	2093.855	0.460
38	14777.747	2093.855	0.460
39	14777.747	2093.855	0.460
40	14777.747	2093.855	0.460
41	14777.747	2093.855	0.460
42	14777.747	2093.855	0.460
43	14777.747	2093.855	0.460
44	14777.747	2093.855	0.460
45	14777.747	2093.855	0.460
46	14777.747	2093.855	0.460
47	14777.747	2093.855	0.460
48	14777.747	2093.855	0.460
49	14777.747	2093.855	0.460
1	6859.816	817.107	0.480
2	9316.349	794.877	0.480
3	12004.762	1240.000	0.480
4	13966.229	1548.524	0.480
5	9337.074	1785.113	0.480
6	11159.949	1521.956	0.480
7	15256.400	1610.937	0.480
8	10911.914	1834.952	0.480
9	10640.482	911.032	0.480
10	10640.482	911.032	0.480
11	16397.194	1522.894	0.480
12	10764.883	1533.991	0.480
13	10764.883	1533.991	0.480
14	15149.780	1010.853	0.480
15	15420.258	2016.305	0.480
16	15420.258	2016.305	0.480
17	15420.258	2016.305	0.480
18	15420.258	2016.305	0.480
19	15420.258	2016.305	0.480
20	15420.258	2016.305	0.480
21	15420.258	2016.305	0.480
22	15420.258	2016.305	0.480
23	15420.258	2016.305	0.480
24	15420.258	2016.305	0.480
25	15420.258	2016.305	0.480
26	15420.258	2016.305	0.480
27	15420.258	2016.305	0.480
28	15420.258	2016.305	0.480
29	15420.258	2016.305	0.480
30	15420.258	2016.305	0.480
31	15420.258	2016.305	0.480
32	15420.258	2016.305	0.480
33	15420.258	2016.305	0.480
34	15420.258	2016.305	0.480
35	15420.258	2016.305	0.480
36	15420.258	2016.305	0.480
37	15420.258	2016.305	0.480
38	15420.258	2016.305	0.480
39	15420.258	2016.305	0.480
40	15420.258	2016.305	0.480
41	15420.258	2016.305	0.480
42	15420.258	2016.305	0.480
43	15420.258	2016.305	0.480
44	15420.258	2016.305	0.480
45	15420.258	2016.305	0.480
46	15420.258	2016.305	0.480
47	15420.258	2016.305	0.480
48	15420.258	2016.305	0.480
49	15420.258	2016.305	0.480
1	7145.642	785.680	0.500
2	9704.530	764.305	0.500
3	12504.960	1192.307	0.500
4	14548.155	1488.966	0.500
5	9726.119	1716.455	0.500
6	11624.947	1463.419	0.500
7	15892.083	1548.978	0.500
8	11366.577	1764.377	0.500
9	11083.835	875.992	0.500
10	11083.835	875.992	0.500
11	17080.410	1464.321	0.500
12	11213.420	1474.991	0.500
13	11213.420	1474.991	0.500
14	15781.021	971.974	0.500
15	16062.769	1938.755	0.500
16	16062.769	1938.755	0.500
17	16062.769	1938.755	0.500
18	16062.769	1938.755	0.500
19	16062.769	1938.755	0.500
20	16062.769	1938.755	0.500
21	16062.769	1938.755	0.500
22	16062.769	1938.755	0.500
23	16062.769	1938.755	0.500
24	16062.769	1938.755	0.500
25	16062.769	1938.755	0.500
26	16062.769	1938.755	0.500
27	16062.769	1938.755	0.500
28	16062.769	1938.755	0.500
29	16062.769	1938.755	0.500
30	16062.769	1938.755	0.500
31	16062.769	1938.755	0.500
32	16062.769	1938.755	0.500
33	16062.769	1938.755	0.500
34	16062.769	1938.755	0.500
35	16062.769	1938.755	0.500
36	16062.769	1938.755	0.500
37	16062.769	1938.755	0.500
38	16062.769	1938.755	0.500
39	16062.769	1938.755	0.500
40	16062.769	1938.755	0.500
41	16062.769	1938.755	0.500
42	16062.769	1938.755	0.500
43	16062.769	1938.755	0.500
44	16062.769	1938.755	0.500
45	16062.769	1938.755	0.500
46	16062.769	1938.755	0.500
47	16062.769	1938.755	0.500
48	16062.769	1938.755	0.500
49	16062.769	1938.755	0.500
1	7431.468	754.252	0.520
2	10092.711	733.733	0.520
3	13005.159	1144.615	0.520
4	15130.081	1429.407	0.520
5	10115.164	1647.797	0.520
6	12089.945	1404.882	0.520
7	16527.767	1487.019	0.520
8	11821.240	1693.802	0.520
9	11527.188	840.953	0.520
10	11527.188	840.953	0.520
11	17763.626	1405.748	0.520
12	11661.957	1415.992	0.520
13	11661.957	1415.992	0.520
14	16412.262	933.095	0.520
15	16705.279	1861.205	0.520
16	16705.279	1861.205	0.520
17	16705.279	1861.205	0.520
18	16705.279	1861.205	0.520
19	16705.279	1861.205	0.520
20	16705.279	1861.205	0.520
21	16705.279	1861.205	0.520
22	16705.279	1861.205	0.520
23	16705.279	1861.205	0.520
24	16705.279	1861.205	0.520
25	16705.279	1861.205	0.520
26	16705.279	1861.205	0.520
27	16705.279	1861.205	0.520
28	16705.279	1861.205	0.520
29	16705.279	1861.205	0.520
30	16705.279	1861.205	0.520
31	16705.279	1861.205	0.520
32	16705.279	1861.205	0.520
33	16705.279	1861.205	0.520
34	16705.279	1861.205	0.520
35	16705.279	1861.205	0.520
36	16705.279	1861.205	0.520
37	16705.279	1861.205	0.520
38	16705.279	1861.205	0.520
39	16705.279	1861.205	0.520
40	16705.279	1861.205	0.520
41	16705.279	1861.205	0.520
42	16705.279	1861.205	0.520
43	16705.279	1861.205	0.520
44	16705.279	1861.205	0.520
45	16705.279	1861.205	0.520
46	16705.279	1861.205	0.520
47	16705.279	1861.205	0.520
48	16705.279	1861.205	0.520
49	16705.279	1861.205	0.520
1	7717.294	722.825	0.540
2	10480.892	703.161	0.540
3	13505.357	1096.923	0.540
4	15712.007	1369.848	0.540
5	10504.208	1579.139	0.540
6	12554.943	1346.346	0.540
7	17163.450	1425.060	0.540
8	12275.903	1623.227	0.540
9	11970.542	805.913	0.540
10	11970.542	805.913	0.540
11	18446.843	1347.175	0.540
12	12110.493	1356.992	0.540
13	12110.493	1356.992	0.540
14	17043.503	894.216	0.540
15	17347.790	1783.654	0.540
16	17347.790	1783.654	0.540
17	17347.790	1783.654	0.540
18	17347.790	1783.654	0.540
19	17347.790	1783.654	0.540
20	17347.790	1783.654	0.540
21	17347.790	1783.654	0.540
22	17347.790	1783.654	0.540
23	17347.790	1783.654	0.540
24	17347.790	1783.654	0.540
25	17347.790	1783.654	0.540
26	17347.790	1783.654	0.540
27	17347.790	1783.654	0.540
28	17347.790	1783.654	0.540
29	17347.790	1783.654	0.540
30	17347.790	1783.654	0.540
31	17347.790	1783.654	0.540
32	17347.790	1783.654	0.540
33	17347.790	1783.654	0.540
34	17347.790	1783.654	0.540
35	17347.790	1783.654	0.540
36	17347.790	1783.654	0.540
37	17347.790	1783.654	0.540
38	17347.790	1783.654	0.540
39	17347.790	1783.654	0.540
40	17347.790	1783.654	0.540
41	17347.790	1783.654	0.540
42	17347.790	1783.654	0.540
43	17347.790	1783.654	0.540
44	17347.790	1783.654	0.540
45	17347.790	1783.654	0.540
46	17347.790	1783.654	0.540
47	17347.790	1783.654	0.540
48	17347.790	1783.654	0.540
49	17347.790	1783.654	0.540
1	8003.119	691.398	0.560
2	10869.074	672.588	0.560
3	14005.556	1049.231	0.560
4	16293.933	1310.290	0.560
5	10893.253	1510.481	0.560
6	13019.941	1287.809	0.560
7	17799.133	1363.101	0.560
8	12730.566	1552.652	0.560
9	12413.895	770.873	0.560
10	12413.895	770.873	0.560
11	19130.059	1288.603	0.560
12	12559.030	1297.992	0.560
13	12559.030	1297.992	0.560
14	17674.744	855.337	0.560
15	17990.301	1706.104	0.560
16	17990.301	1706.104	0.560
17	17990.301	1706.104	0.560
18	17990.301	1706.104	0.560
19	17990.301	1706.104	0.560
20	17990.301	1706.104	0.560
21	17990.301	1706.104	0.560
22	17990.301	1706.104	0.560
23	17990.301	1706.104	0.560
24	17990.301	1706.104	0.560
25	17990.301	1706.104	0.560
26	17990.301	1706.104	0.560
27	17990.301	1706.104	0.560
28	17990.301	1706.104	0.560
29	17990.301	1706.104	0.560
30	17990.301	1706.104	0.560
31	17990.301	1706.104	0.560
32	17990.301	1706.104	0.560
33	17990.301	1706.104	0.560
34	17990.301	1706.104	0.560
35	17990.301	1706.104	0.560
36	17990.301	1706.104	0.560
37	17990.301	1706.104	0.560
38	17990.301	1706.104	0.560
39	17990.301	1706.104	0.560
40	17990.301	1706.104	0.560
41	17990.301	1706.104	0.560
42	17990.301	1706.104	0.560
43	17990.301	1706.104	0.560
44	17990.301	1706.104	0.560
45	17990.301	1706.104	0.560
46	17990.301	1706.104	0.560
47	17990.301	1706.104	0.560
48	17990.301	1706.104	0.560
49	17990.301	1706.104	0.560
1	8288.945	659.971	0.580
2	11257.255	642.016	0.580
3	14505.754	1001.538	0.580
4	16875.860	1250.731	0.580
5	11282.298	1441.822	0.580
6	13484.939	1229.272	0.580
7	18434.817	1301.142	0.580
8	13185.229	1482.077	0.580
9	12857.249	735.834	0.580
10	12857.249	735.834	0.580
11	19813.276	1230.030	0.580
12	13007.567	1238.993	0.580
13	13007.567	1238.993	0.580
14	18305.985	816.458	0.580
15	18632.812	1628.554	0.580
16	18632.812	1628.554	0.580
17	18632.812	1628.554	0.580
18	18632.812	1628.554	0.580
19	18632.812	1628.554	0.580
20	18632.812	1628.554	0.580
21	18632.812	1628.554	0.580
22	18632.812	1628.554	0.580
23	18632.812	1628.554	0.580
24	18632.812	1628.554	0.580
25	18632.812	1628.554	0.580
26	18632.812	1628.554	0.580
27	18632.812	1628.554	0.580
28	18632.812	1628.554	0.580
29	18632.812	1628.554	0.580
30	18632.812	1628.554	0.580
31	18632.812	1628.554	0.580
32	18632.812	1628.554	0.580
33	18632.812	1628.554	0.580
34	18632.812	1628.554	0.580
35	18632.812	1628.554	0.580
36	18632.812	1628.554	0.580
37	18632.812	1628.554	0.580
38	18632.812	1628.554	0.580
39	18632.812	1628.554	0.580
40	18632.812	1628.554	0.580
41	18632.812	1628.554	0.580
42	18632.812	1628.554	0.580
43	18632.812	1628.554	0.580
44	18632.812	1628.554	0.580
45	18632.812	1628.554	0.580
46	18632.812	1628.554	0.580
47	18632.812	1628.554	0.580
48	18632.812	1628.554	0.580
49	18632.812	1628.554	0.580
1	8574.771	628.544	0.600
2	11645.436	611.444	0.600
3	15005.952	953.846	0.600
4	17457.786	1191.173	0.600
5	11671.343	1373.164	0.600
6	13949.937	1170.735	0.600
7	19070.500	1239.182	0.600
8	13639.892	1411.502	0.600
9	13300.602	700.794	0.600
10	13300.602	700.794	0.600
11	20496.492	1171.457	0.600
12	13456.104	1179.993	0.600
13	13456.104	1179.993	0.600
14	18937.226	777.579	0.600
15	19275.322	1551.004	0.600
16	19275.322	1551.004	0.600
17	19275.322	1551.004	0.600
18	19275.322	1551.004	0.600
19	19275.322	1551.004	0.600
20	19275.322	1551.004	0.600
21	19275.322	1551.004	0.600
22	19275.322	1551.004	0.600
23	19275.322	1551.004	0.600
24	19275.322	1551.004	0.600
25	19275.322	1551.004	0.600
26	19275.322	1551.004	0.600
27	19275.322	1551.004	0.600
28	19275.322	1551.004	0.600
29	19275.322	1551.004	0.600
30	19275.322	1551.004	0.600
31	19275.322	1551.004	0.600
32	19275.322	1551.004	0.600
33	19275.322	1551.004	0.600
34	19275.322	1551.004	0.600
35	19275.322	1551.004	0.600
36	19275.322	1551.004	0.600
37	19275.322	1551.004	0.600
38	19275.322	1551.004	0.600
39	19275.322	1551.004	0.600
40	19275.322	1551.004	0.600
41	19275.322	1551.004	0.600
42	19275.322	1551.004	0.600
43	19275.322	1551.004	0.600
44	19275.322	1551.004	0.600
45	19275.322	1551.004	0.600
46	19275.322	1551.004	0.600
47	19275.322	1551.004	0.600
48	19275.322	1551.004	0.600
49	19275.322	1551.004	0.600
1	8860.596	597.117	0.620
2	12033.617	580.872	0.620
3	15506.151	906.154	0.620
4	18039.712	1131.614	0.620
5	12060.387	1304.506	0.620
6	14414.935	1112.198	0.620
7	19706.183	1177.223	0.620
8	14094.555	1340.927	0.620
9	13743.955	665.754	0.620
10	13743.955	665.754	0.620
11	21179.708	1112.884	0.620
12	13904.641	1120.993	0.620
13	13904.641	1120.993	0.620
14	19568.466	738.700	0.620
15	19917.833	1473.454	0.620
16	19917.833	1473.454	0.620
17	19917.833	1473.454	0.620
18	19917.833	1473.454	0.620
19	19917.833	1473.454	0.620
20	19917.833	1473.454	0.620
21	19917.833	1473.454	0.620
22	19917.833	1473.454	0.620
23	19917.833	1473.454	0.620
24	19917.833	1473.454	0.620
25	19917.833	1473.454	0.620
26	19917.833	1473.454	0.620
27	19917.833	1473.454	0.620
28	19917.833	1473.454	0.620
29	19917.833	1473.454	0.620
30	19917.833	1473.454	0.620
31	19917.833	1473.454	0.620
32	19917.833	1473.454	0.620
33	19917.833	1473.454	0.620
34	19917.833	1473.454	0.620
35	19917.833	1473.454	0.620
36	19917.833	1473.454	0.620
37	19917.833	1473.454	0.620
38	19917.833	1473.454	0.620
39	19917.833	1473.454	0.620
40	19917.833	1473.454	0.620
41	19917.833	1473.454	0.620
42	19917.833	1473.454	0.620
43	19917.833	1473.454	0.620
44	19917.833	1473.454	0.620
45	19917.833	1473.454	0.620
46	19917.833	1473.454	0.620
47	19917.833	1473.454	0.620
48	19917.833	1473.454	0.620
49	19917.833	1473.454	0.620
1	9146.422	565.689	0.640
2	12421.798	550.300	0.640
3	16006.349	858.461	0.640
4	18621.638	1072.055	0.640
5	12449.432	1235.848	0.640
6	14879.933	1053.662	0.640
7	20341.866	1115.264	0.640
8	14549.218	1270.352	0.640
9	14187.309	630.715	0.640
10	14187.309	630.715	0.640
11	21862.925	1054.311	0.640
12	14353.177	1061.994	0.640
13	14353.177	1061.994	0.640
14	20199.707	699.821	0.640
15	20560.344	1395.903	0.640
16	20560.344	1395.903	0.640
17	20560.344	1395.903	0.640
18	20560.344	1395.903	0.640
19	20560.344	1395.903	0.640
20	20560.344	1395.903	0.640
21	20560.344	1395.903	0.640
22	20560.344	1395.903	0.640
23	20560.344	1395.903	0.640
24	20560.344	1395.903	0.640
25	20560.344	1395.903	0.640
26	20560.344	1395.903	0.640
27	20560.344	1395.903	0.640
28	20560.344	1395.903	0.640
29	20560.344	1395.903	0.640
30	20560.344	1395.903	0.640
31	20560.344	1395.903	0.640
32	20560.344	1395.903	0.640
33	20560.344	1395.903	0.640
34	20560.344	1395.903	0.640
35	20560.344	1395.903	0.640
36	20560.344	1395.903	0.640
37	20560.344	1395.903	0.640
38	20560.344	1395.903	0.640
39	20560.344	1395.903	0.640
40	20560.344	1395.903	0.640
41	20560.344	1395.903	0.640
42	20560.344	1395.903	0.640
43	20560.344	1395.903	0.640
44	20560.344	1395.903	0.640
45	20560.344	1395.903	0.640
46	20560.344	1395.903	0.640
47	20560.344	1395.903	0.640
48	20560.344	1395.903	0.640
49	20560.344	1395.903	0.640
1	9432.248	534.262	0.660
2	12809.979	519.727	0.660
3	16506.548	810.769	0.660
4	19203.564	1012.497	0.660
5	12838.477	1167.190	0.660
6	15344.930	995.125	0.660
7	20977.550	1053.305	0.660
8	15003.881	1199.777	0.660
9	14630.662	595.675	0.660
10	14630.662	595.675	0.660
11	22546.141	995.738	0.660
12	14801.714	1002.994	0.660
13	14801.714	1002.994	0.660
14	20830.948	660.942	0.660
15	21202.855	1318.353	0.660
16	21202.855	1318.353	0.660
17	21202.855	1318.353	0.660
18	21202.855	1318.353	0.660
19	21202.855	1318.353	0.660
20	21202.855	1318.353	0.660
21	21202.855	1318.353	0.660
22	21202.855	1318.353	0.660
23	21202.855	1318.353	0.660
24	21202.855	1318.353	0.660
25	21202.855	1318.353	0.660
26	21202.855	1318.353	0.660
27	21202.855	1318.353	0.660
28	21202.855	1318.353	0.660
29	21202.855	1318.353	0.660
30	21202.855	1318.353	0.660
31	21202.855	1318.353	0.660
32	21202.855	1318.353	0.660
33	21202.855	1318.353	0.660
34	21202.855	1318.353	0.660
35	21202.855	1318.353	0.660
36	21202.855	1318.353	0.660
37	21202.855	1318.353	0.660
38	21202.855	1318.353	0.660
39	21202.855	1318.353	0.660
40	21202.855	1318.353	0.660
41	21202.855	1318.353	0.660
42	21202.855	1318.353	0.660
43	21202.855	1318.353	0.660
44	21202.855	1318.353	0.660
45	21202.855	1318.353	0.660
46	21202.855	1318.353	0.660
47	21202.855	1318.353	0.660
48	21202.855	1318.353	0.660
49	21202.855	1318.353	0.660
1	9718.073	502.835	0.680
2	13198.161	489.155	0.680
3	17006.746	763.077	0.680
4	19785.490	952.938	0.680
5	13227.522	1098.531	0.680
6	15809.928	936.588	0.680
7	21613.233	991.346	0.680
8	15458.544	1129.201	0.680
9	15074.016	560.635	0.680
10	15074.016	560.635	0.680
11	23229.358	937.165	0.680
12	15250.251	943.994	0.680
13	15250.251	943.994	0.680
14	21462.189	622.064	0.680
15	21845.365	1240.803	0.680
16	21845.365	1240.803	0.680
17	21845.365	1240.803	0.680
18	21845.365	1240.803	0.680
19	21845.365	1240.803	0.680
20	21845.365	1240.803	0.680
21	21845.365	1240.803	0.680
22	21845.365	1240.803	0.680
23	21845.365	1240.803	0.680
24	21845.365	1240.803	0.680
25	21845.365	1240.803	0.680
26	21845.365	1240.803	0.680
27	21845.365	1240.803	0.680
28	21845.365	1240.803	0.680
29	21845.365	1240.803	0.680
30	21845.365	1240.803	0.680
31	21845.365	1240.803	0.680
32	21845.365	1240.803	0.680
33	21845.365	1240.803	0.680
34	21845.365	1240.803	0.680
35	21845.365	1240.803	0.680
36	21845.365	1240.803	0.680
37	21845.365	1240.803	0.680
38	21845.365	1240.803	0.680
39	21845.365	1240.803	0.680
40	21845.365	1240.803	0.680
41	21845.365	1240.803	0.680
42	21845.365	1240.803	0.680
43	21845.365	1240.803	0.680
44	21845.365	1240.803	0.680
45	21845.365	1240.803	0.680
46	21845.365	1240.803	0.680
47	21845.365	1240.803	0.680
48	21845.365	1240.803	0.680
49	21845.365	1240.803	0.680
1	10003.899	471.408	0.700
2	13586.342	458.583	0.700
3	17506.944	715.384	0.700
4	20367.417	893.379	0.700
5	13616.566	1029.873	0.700
6	16274.926	878.051	0.700
7	22248.916	929.387	0.700
8	15913.207	1058.626	0.700
9	15517.369	525.595	0.700
10	15517.369	525.595	0.700
11	23912.574	878.593	0.700
12	15698.788	884.995	0.700
13	15698.788	884.995	0.700
14	22093.430	583.185	0.700
15	22487.876	1163.253	0.700
16	22487.876	1163.253	0.700
17	22487.876	1163.253	0.700
18	22487.876	1163.253	0.700
19	22487.876	1163.253	0.700
20	22487.876	1163.253	0.700
21	22487.876	1163.253	0.700
22	22487.876	1163.253	0.700
23	22487.876	1163.253	0.700
24	22487.876	1163.253	0.700
25	22487.876	1163.253	0.700
26	22487.876	1163.253	0.700
27	22487.876	1163.253	0.700
28	22487.876	1163.253	0.700
29	22487.876	1163.253	0.700
30	22487.876	1163.253	0.700
31	22487.876	1163.253	0.700
32	22487.876	1163.253	0.700
33	22487.876	1163.253	0.700
34	22487.876	1163.253	0.700
35	22487.876	1163.253	0.700
36	22487.876	1163.253	0.700
37	22487.876	1163.253	0.700
38	22487.876	1163.253	0.700
39	22487.876	1163.253	0.700
40	22487.876	1163.253	0.700
41	22487.876	1163.253	0.700
42	22487.876	1163.253	0.700
43	22487.876	1163.253	0.700
44	22487.876	1163.253	0.700
45	22487.876	1163.253	0.700
46	22487.876	1163.253	0.700
47	22487.876	1163.253	0.700
48	22487.876	1163.253	0.700
49	22487.876	1163.253	0.700
1	10289.725	439.981	0.720
2	13974.523	428.011	0.720
3	18007.143	667.692	0.720
4	20949.343	833.821	0.720
5	14005.611	961.215	0.720
6	16739.924	819.515	0.720
7	22884.600	867.428	0.720
8	16367.870	988.051	0.720
9	15960.723	490.556	0.720
10	15960.723	490.556	0.720
11	24595.790	820.020	0.720
12	16147.325	825.995	0.720
13	16147.325	825.995	0.720
14	22724.671	544.306	0.720
15	23130.387	1085.703	0.720
16	23130.387	1085.703	0.720
17	23130.387	1085.703	0.720
18	23130.387	1085.703	0.720
19	23130.387	1085.703	0.720
20	23130.387	1085.703	0.720
21	23130.387	1085.703	0.720
22	23130.387	1085.703	0.720
23	23130.387	1085.703	0.720
24	23130.387	1085.703	0.720
25	23130.387	1085.703	0.720
26	23130.387	1085.703	0.720
27	23130.387	1085.703	0.720
28	23130.387	1085.703	0.720
29	23130.387	1085.703	0.720
30	23130.387	1085.703	0.720
31	23130.387	1085.703	0.720
32	23130.387	1085.703	0.720
33	23130.387	1085.703	0.720
34	23130.387	1085.703	0.720
35	23130.387	1085.703	0.720
36	23130.387	1085.703	0.720
37	23130.387	1085.703	0.720
38	23130.387	1085.703	0.720
39	23130.387	1085.703	0.720
40	23130.387	1085.703	0.720
41	23130.387	1085.703	0.720
42	23130.387	1085.703	0.720
43	23130.387	1085.703	0.720
44	23130.387	1085.703	0.720
45	23130.387	1085.703	0.720
46	23130.387	1085.703	0.720
47	23130.387	1085.703	0.720
48	23130.387	1085.703	0.720
49	23130.387	1085.703	0.720
1	10575.550	408.553	0.740
2	14362.704	397.439	0.740
3	18507.341	620.000	0.740
4	21531.269	774.262	0.740
5	14394.656	892.557	0.740
6	17204.922	760.978	0.740
7	23520.283	805.469	0.740
8	16822.533	917.476	0.740
9	16404.076	455.516	0.740
10	16404.076	455.516	0.740
11	25279.007	761.447	0.740
12	16595.861	766.995	0.740
13	16595.861	766.995	0.740
14	23355.911	505.427	0.740
15	23772.897	1008.152	0.740
16	23772.897	1008.152	0.740
17	23772.897	1008.152	0.740
18	23772.897	1008.152	0.740
19	23772.897	1008.152	0.740
20	23772.897	1008.152	0.740
21	23772.897	1008.152	0.740
22	23772.897	1008.152	0.740
23	23772.897	1008.152	0.740
24	23772.897	1008.152	0.740
25	23772.897	1008.152	0.740
26	23772.897	1008.152	0.740
27	23772.897	1008.152	0.740
28	23772.897	1008.152	0.740
29	23772.897	1008.152	0.740
30	23772.897	1008.152	0.740
31	23772.897	1008.152	0.740
32	23772.897	1008.152	0.740
33	23772.897	1008.152	0.740
34	23772.897	1008.152	0.740
35	23772.897	1008.152	0.740
36	23772.897	1008.152	0.740
37	23772.897	1008.152	0.740
38	23772.897	1008.152	0.740
39	23772.897	1008.152	0.740
40	23772.897	1008.152	0.740
41	23772.897	1008.152	0.740
42	23772.897	1008.152	0.740
43	23772.897	1008.152	0.740
44	23772.897	1008.152	0.740
45	23772.897	1008.152	0.740
46	23772.897	1008.152	0.740
47	23772.897	1008.152	0.740
48	23772.897	1008.152	0.740
49	23772.897	1008.152	0.740
1	10861.376	377.126	0.760
2	14750.885	366.866	0.760
3	19007.540	572.308	0.760
4	22113.195	714.704	0.760
5	14783.701	823.898	0.760
6	17669.920	702.441	0.760
7	24155.966	743.509	0.760
8	17277.197	846.901	0.760
9	16847.429	420.476	0.760
10	16847.429	420.476	0.760
11	25962.223	702.874	0.760
12	17044.398	707.996	0.760
13	17044.398	707.996	0.760
14	23987.152	466.548	0.760
15	24415.408	930.602	0.760
16	24415.408	930.602	0.760
17	24415.408	930.602	0.760
18	24415.408	930.602	0.760
19	24415.408	930.602	0.760
20	24415.408	930.602	0.760
21	24415.408	930.602	0.760
22	24415.408	930.602	0.760
23	24415.408	930.602	0.760
24	24415.408	930.602	0.760
25	24415.408	930.602	0.760
26	24415.408	930.602	0.760
27	24415.408	930.602	0.760
28	24415.408	930.602	0.760
29	24415.408	930.602	0.760
30	24415.408	930.602	0.760
31	24415.408	930.602	0.760
32	24415.408	930.602	0.760
33	24415.408	930.602	0.760
34	24415.408	930.602	0.760
35	24415.408	930.602	0.760
36	24415.408	930.602	0.760
37	24415.408	930.602	0.760
38	24415.408	930.602	0.760
39	24415.408	930.602	0.760
40	24415.408	930.602	0.760
41	24415.408	930.602	0.760
42	24415.408	930.602	0.760
43	24415.408	930.602	0.760
44	24415.408	930.602	0.760
45	24415.408	930.602	0.760
46	24415.408	930.602	0.760
47	24415.408	930.602	0.760
48	24415.408	930.602	0.760
49	24415.408	930.602	0.760
1	11147.202	345.699	0.780
2	15139.067	336.294	0.780
3	19507.738	524.615	0.780
4	22695.121	655.145	0.780
5	15172.745	755.240	0.780
6	18134.918	643.904	0.780
7	24791.650	681.550	0.780
8	17731.860	776.326	0.780
9	17290.783	385.437	0.780
10	17290.783	385.437	0.780
11	26645.440	644.301	0.780
12	17492.935	648.996	0.780
13	17492.935	648.996	0.780
14	24618.393	427.669	0.780
15	25057.919	853.052	0.780
16	25057.919	853.052	0.780
17	25057.919	853.052	0.780
18	25057.919	853.052	0.780
19	25057.919	853.052	0.780
20	25057.919	853.052	0.780
21	25057.919	853.052	0.780
22	25057.919	853.052	0.780
23	25057.919	853.052	0.780
24	25057.919	853.052	0.780
25	25057.919	853.052	0.780
26	25057.919	853.052	0.780
27	25057.919	853.052	0.780
28	25057.919	853.052	0.780
29	25057.919	853.052	0.780
30	25057.919	853.052	0.780
31	25057.919	853.052	0.780
32	25057.919	853.052	0.780
33	25057.919	853.052	0.780
34	25057.919	853.052	0.780
35	25057.919	853.052	0.780
36	25057.919	853.052	0.780
37	25057.919	853.052	0.780
38	25057.919	853.052	0.780
39	25057.919	853.052	0.780
40	25057.919	853.052	0.780
41	25057.919	853.052	0.780
42	25057.919	853.052	0.780
43	25057.919	853.052	0.780
44	25057.919	853.052	0.780
45	25057.919	853.052	0.780
46	25057.919	853.052	0.780
47	25057.919	853.052	0.780
48	25057.919	853.052	0.780
49	25057.919	853.052	0.780
1	11433.027	314.272	0.800
2	15527.248	305.722	0.800
3	20007.937	476.923	0.800
4	23277.048	595.586	0.800
5	15561.790	686.582	0.800
6	18599.916	585.368	0.800
7	25427.333	619.591	0.800
8	18186.523	705.751	0.800
9	17734.136	350.397	0.800
10	17734.136	350.397	0.800
11	27328.656	585.728	0.800
12	17941.472	589.997	0.800
13	17941.472	589.997	0.800
14	25249.634	388.790	0.800
15	25700.430	775.502	0.800
16	25700.430	775.502	0.800
17	25700.430	775.502	0.800
18	25700.430	775.502	0.800
19	25700.430	775.502	0.800
20	25700.430	775.502	0.800
21	25700.430	775.502	0.800
22	25700.430	775.502	0.800
23	25700.430	775.502	0.800
24	25700.430	775.502	0.800
25	25700.430	775.502	0.800
26	25700.430	775.502	0.800
27	25700.430	775.502	0.800
28	25700.430	775.502	0.800
29	25700.430	775.502	0.800
30	25700.430	775.502	0.800
31	25700.430	775.502	0.800
32	25700.430	775.502	0.800
33	25700.430	775.502	0.800
34	25700.430	775.502	0.800
35	25700.430	775.502	0.800
36	25700.430	775.502	0.800
37	25700.430	775.502	0.800
38	25700.430	775.502	0.800
39	25700.430	775.502	0.800
40	25700.430	775.502	0.800
41	25700.430	775.502	0.800
42	25700.430	775.502	0.800
43	25700.430	775.502	0.800
44	25700.430	775.502	0.800
45	25700.430	775.502	0.800
46	25700.430	775.502	0.800
47	25700.430	775.502	0.800
48	25700.430	775.502	0.800
49	25700.430	775.502	0.800
1	11718.853	282.845	0.820
2	15915.429	275.150	0.820
3	20508.135	429.231	0.820
4	23858.974	536.028	0.820
5	15950.835	617.924	0.820
6	19064.914	526.831	0.820
7	26063.016	557.632	0.820
8	18641.186	635.176	0.820
9	18177.490	315.357	0.820
10	18177.490	315.357	0.820
11	28011.872	527.156	0.820
12	18390.008	530.997	0.820
13	18390.008	530.997	0.820
14	25880.875	349.911	0.820
15	26342.940	697.952	0.820
16	26342.940	697.952	0.820
17	26342.940	697.952	0.820
18	26342.940	697.952	0.820
19	26342.940	697.952	0.820
20	26342.940	697.952	0.820
21	26342.940	697.952	0.820
22	26342.940	697.952	0.820
23	26342.940	697.952	0.820
24	26342.940	697.952	0.820
25	26342.940	697.952	0.820
26	26342.940	697.952	0.820
27	26342.940	697.952	0.820
28	26342.940	697.952	0.820
29	26342.940	697.952	0.820
30	26342.940	697.952	0.820
31	26342.940	697.952	0.820
32	26342.940	697.952	0.820
33	26342.940	697.952	0.820
34	26342.940	697.952	0.820
35	26342.940	697.952	0.820
36	26342.940	697.952	0.820
37	26342.940	697.952	0.820
38	26342.940	697.952	0.820
39	26342.940	697.952	0.820
40	26342.940	697.952	0.820
41	26342.940	697.952	0.820
42	26342.940	697.952	0.820
43	26342.940	697.952	0.820
44	26342.940	697.952	0.820
45	26342.940	697.952	0.820
46	26342.940	697.952	0.820
47	26342.940	697.952	0.820
48	26342.940	697.952	0.820
49	26342.940	697.952	0.820
1	12004.679	251.417	0.840
2	16303.610	244.578	0.840
3	21008.333	381.538	0.840
4	24440.900	476.469	0.840
5	16339.880	549.266	0.840
6	19529.911	468.294	0.840
7	26698.700	495.673	0.840
8	19095.849	564.601	0.840
9	18620.843	280.318	0.840
10	18620.843	280.318	0.840
11	28695.089	468.583	0.840
12	18838.545	471.997	0.840
13	18838.545	471.997	0.840
14	26512.116	311.032	0.840
15	26985.451	620.402	0.840
16	26985.451	620.402	0.840
17	26985.451	620.402	0.840
18	26985.451	620.402	0.840
19	26985.451	620.402	0.840
20	26985.451	620.402	0.840
21	26985.451	620.402	0.840
22	26985.451	620.402	0.840
23	26985.451	620.402	0.840
24	26985.451	620.402	0.840
25	26985.451	620.402	0.840
26	26985.451	620.402	0.840
27	26985.451	620.402	0.840
28	26985.451	620.402	0.840
29	26985.451	620.402	0.840
30	26985.451	620.402	0.840
31	26985.451	620.402	0.840
32	26985.451	620.402	0.840
33	26985.451	620.402	0.840
34	26985.451	620.402	0.840
35	26985.451	620.402	0.840
36	26985.451	620.402	0.840
37	26985.451	620.402	0.840
38	26985.451	620.402	0.840
39	26985.451	620.402	0.840
40	26985.451	620.402	0.840
41	26985.451	620.402	0.840
42	26985.451	620.402	0.840
43	26985.451	620.402	0.840
44	26985.451	620.402	0.840
45	26985.451	620.402	0.840
46	26985.451	620.402	0.840
47	26985.451	620.402	0.840
48	26985.451	620.402	0.840
49	26985.451	620.402	0.840
1	12290.505	219.990	0.860
2	16691.791	214.005	0.860
3	21508.532	333.846	0.860
4	25022.826	416.910	0.860
5	16728.925	480.607	0.860
6	19994.909	409.757	0.860
7	27334.383	433.714	0.860
8	19550.512	494.026	0.860
9	19064.196	245.278	0.860
10	19064.196	245.278	0.860
11	29378.305	410.010	0.860
12	19287.082	412.998	0.860
13	19287.082	412.998	0.860
14	27143.357	272.153	0.860
15	27627.962	542.851	0.860
16	27627.962	542.851	0.860
17	27627.962	542.851	0.860
18	27627.962	542.851	0.860
19	27627.962	542.851	0.860
20	27627.962	542.851	0.860
21	27627.962	542.851	0.860
22	27627.962	542.851	0.860
23	27627.962	542.851	0.860
24	27627.962	542.851	0.860
25	27627.962	542.851	0.860
26	27627.962	542.851	0.860
27	27627.962	542.851	0.860
28	27627.962	542.851	0.860
29	27627.962	542.851	0.860
30	27627.962	542.851	0.860
31	27627.962	542.851	0.860
32	27627.962	542.851	0.860
33	27627.962	542.851	0.860
34	27627.962	542.851	0.860
35	27627.962	542.851	0.860
36	27627.962	542.851	0.860
37	27627.962	542.851	0.860
38	27627.962	542.851	0.860
39	27627.962	542.851	0.860
40	27627.962	542.851	0.860
41	27627.962	542.851	0.860
42	27627.962	542.851	0.860
43	27627.962	542.851	0.860
44	27627.962	542.851	0.860
45	27627.962	542.851	0.860
46	27627.962	542.851	0.860
47	27627.962	542.851	0.860
48	27627.962	542.851	0.860
49	27627.962	542.851	0.860
1	12576.330	188.563	0.880
2	17079.973	183.433	0.880
3	22008.730	286.154	0.880
4	25604.752	357.352	0.880
5	17117.969	411.949	0.880
6	20459.907	351.221	0.880
7	27970.066	371.755	0.880
8	20005.175	423.451	0.880
9	19507.550	210.238	0.880
10	19507.550	210.238	0.880
11	30061.522	351.437	0.880
12	19735.619	353.998	0.880
13	19735.619	353.998	0.880
14	27774.597	233.274	0.880
15	28270.473	465.301	0.880
16	28270.473	465.301	0.880
17	28270.473	465.301	0.880
18	28270.473	465.301	0.880
19	28270.473	465.301	0.880
20	28270.473	465.301	0.880
21	28270.473	465.301	0.880
22	28270.473	465.301	0.880
23	28270.473	465.301	0.880
24	28270.473	465.301	0.880
25	28270.473	465.301	0.880
26	28270.473	465.301	0.880
27	28270.473	465.301	0.880
28	28270.473	465.301	0.880
29	28270.473	465.301	0.880
30	28270.473	465.301	0.880
31	28270.473	465.301	0.880
32	28270.473	465.301	0.880
33	28270.473	465.301	0.880
34	28270.473	465.301	0.880
35	28270.473	465.301	0.880
36	28270.473	465.301	0.880
37	28270.473	465.301	0.880
38	28270.473	465.301	0.880
39	28270.473	465.301	0.880
40	28270.473	465.301	0.880
41	28270.473	465.301	0.880
42	28270.473	465.301	0.880
43	28270.473	465.301	0.880
44	28270.473	465.301	0.880
45	28270.473	465.301	0.880
46	28270.473	465.301	0.880
47	28270.473	465.301	0.880
48	28270.473	465.301	0.880
49	28270.473	465.301	0.880
1	12862.156	157.136	0.900
2	17468.154	152.861	0.900
3	22508.929	238.461	0.900
4	26186.679	297.793	0.900
5	17507.014	343.291	0.900
6	20924.905	292.684	0.900
7	28605.750	309.796	0.900
8	20459.838	352.875	0.900
9	19950.903	175.198	0.900
10	19950.903	175.198	0.900
11	30744.738	292.864	0.900
12	20184.156	294.998	0.900
13	20184.156	294.998	0.900
14	28405.838	194.395	0.900
15	28912.983	387.751	0.900
16	28912.983	387.751	0.900
17	28912.983	387.751	0.900
18	28912.983	387.751	0.900
19	28912.983	387.751	0.900
20	28912.983	387.751	0.900
21	28912.983	387.751	0.900
22	28912.983	387.751	0.900
23	28912.983	387.751	0.900
24	28912.983	387.751	0.900
25	28912.983	387.751	0.900
26	28912.983	387.751	0.900
27	28912.983	387.751	0.900
28	28912.983	387.751	0.900
29	28912.983	387.751	0.900
30	28912.983	387.751	0.900
31	28912.983	387.751	0.900
32	28912.983	387.751	0.900
33	28912.983	387.751	0.900
34	28912.983	387.751	0.900
35	28912.983	387.751	0.900
36	28912.983	387.751	0.900
37	28912.983	387.751	0.900
38	28912.983	387.751	0.900
39	28912.983	387.751	0.900
40	28912.983	387.751	0.900
41	28912.983	387.751	0.900
42	28912.983	387.751	0.900
43	28912.983	387.751	0.900
44	28912.983	387.751	0.900
45	28912.983	387.751	0.900
46	28912.983	387.751	0.900
47	28912.983	387.751	0.900
48	28912.983	387.751	0.900
49	28912.983	387.751	0.900
1	13147.982	125.709	0.920
2	17856.335	122.289	0.920
3	23009.127	190.769	0.920
4	26768.605	238.235	0.920
5	17896.059	274.633	0.920
6	21389.903	234.147	0.920
7	29241.433	247.836	0.920
8	20914.501	282.300	0.920
9	20914.501	282.300	0.920
10	20914.501	282.300	0.920
11	31427.955	234.291	0.920
12	15228.353	245.194	0.920
13	18197.131	193.987	0.920
14	21278.588	278.525	0.920
15	16501.928	209.536	0.920
16	21380.595	239.990	0.920
17	21650.902	165.481	0.920
18	20637.019	180.986	0.920
19	19973.055	334.552	0.920
20	29635.874	219.042	0.920
21	20397.026	255.332	0.920
22	20429.029	207.599	0.920
23	30298.565	205.937	0.920
24	30298.565	205.937	0.920
25	30123.443	270.956	0.920
26	20632.692	235.999	0.920
27	20632.692	235.999	0.920
28	20632.692	235.999	0.920
29	21631.851	413.840	0.920
30	22195.582	283.515	0.920
31	22195.582	283.515	0.920
32	22195.582	283.515	0.920
33	22195.582	283.515	0.920
34	33177.289	225.597	0.920
35	33177.289	225.597	0.920
36	33177.289	225.597	0.920
37	33177.289	225.597	0.920
38	33177.289	225.597	0.920
39	33177.289	225.597	0.920
40	33177.289	225.597	0.920
41	33177.289	225.597	0.920
42	33177.289	225.597	0.920
43	33177.289	225.597	0.920
44	33177.289	225.597	0.920
45	33177.289	225.597	0.920
46	33177.289	225.597	0.920
47	33177.289	225.597	0.920
48	33177.289	225.597	0.920
49	33177.289	225.597	0.920
1	13433.807	94.282	0.940
2	18244.516	91.717	0.940
3	23509.325	143.077	0.940
4	27350.531	178.676	0.940
5	18285.104	205.975	0.940
6	21854.901	175.610	0.940
7	29877.116	185.877	0.940
8	21369.164	211.725	0.940
9	21369.164	211.725	0.940
10	21369.164	211.725	0.940
11	32111.171	175.719	0.940
12	15559.404	183.896	0.940
13	18592.721	145.491	0.940
14	21741.166	208.894	0.940
15	16860.665	157.152	0.940
16	21845.391	179.993	0.940
17	22121.573	124.111	0.940
18	21085.650	135.739	0.940
19	20407.252	250.914	0.940
20	30280.133	164.281	0.940
21	20840.440	191.499	0.940
22	20873.138	155.699	0.940
23	30957.230	154.452	0.940
24	30957.230	154.452	0.940
25	30778.300	203.217	0.940
26	21081.229	176.999	0.940
27	21081.229	176.999	0.940
28	21081.229	176.999	0.940
29	22102.109	310.380	0.940
30	22678.094	212.636	0.940
31	22678.094	212.636	0.940
32	22678.094	212.636	0.940
33	22678.094	212.636	0.940
34	33898.534	169.198	0.940
35	33898.534	169.198	0.940
36	33898.534	169.198	0.940
37	33898.534	169.198	0.940
38	33898.534	169.198	0.940
39	33898.534	169.198	0.940
40	33898.534	169.198	0.940
41	33898.534	169.198	0.940
42	33898.534	169.198	0.940
43	33898.534	169.198	0.940
44	33898.534	169.198	0.940
45	33898.534	169.198	0.940
46	33898.534	169.198	0.940
47	33898.534	169.198	0.940
48	33898.534	169.198	0.940
49	33898.534	169.198	0.940
1	13719.633	62.854	0.960
2	18632.697	61.144	0.960
3	24009.524	95.385	0.960
4	27932.457	119.117	0.960
5	18674.148	137.316	0.960
6	22319.899	117.074	0.960
7	30512.800	123.918	0.960
8	21823.827	141.150	0.960
9	21823.827	141.150	0.960
10	21823.827	141.150	0.960
11	32794.387	117.146	0.960
12	15890.455	122.597	0.960
13	18988.310	96.994	0.960
14	22203.744	139.262	0.960
15	17219.403	104.768	0.960
16	22310.186	119.995	0.960
17	22592.245	82.740	0.960
18	21534.280	90.493	0.960
19	20841.449	167.276	0.960
20	30924.391	109.521	0.960
21	21283.853	127.666	0.960
22	21317.248	103.800	0.960
23	31615.894	102.968	0.960
24	31615.894	102.968	0.960
25	31433.157	135.478	0.960
26	21529.766	117.999	0.960
27	21529.766	117.999	0.960
28	21529.766	117.999	0.960
29	22572.367	206.920	0.960
30	23160.607	141.758	0.960
31	23160.607	141.758	0.960
32	23160.607	141.758	0.960
33	23160.607	141.758	0.960
34	34619.779	112.798	0.960
35	34619.779	112.798	0.960
36	34619.779	112.798	0.960
37	34619.779	112.798	0.960
38	34619.779	112.798	0.960
39	34619.779	112.798	0.960
40	34619.779	112.798	0.960
41	34619.779	112.798	0.960
42	34619.779	112.798	0.960
43	34619.779	112.798	0.960
44	34619.779	112.798	0.960
45	34619.779	112.798	0.960
46	34619.779	112.798	0.960
47	34619.779	112.798	0.960
48	34619.779	112.798	0.960
49	34619.779	112.798	0.960
1	14005.459	31.427	0.980
2	19020.879	30.572	0.980
3	24509.722	47.692	0.980
4	28514.383	59.559	0.980
5	19063.193	68.658	0.980
6	22784.897	58.537	0.980
7	31148.483	61.959	0.980
8	22278.490	70.575	0.980
9	22278.490	70.575	0.980
10	22278.490	70.575	0.980
11	33477.604	58.573	0.980
12	16221.506	61.299	0.980
13	19383.900	48.497	0.980
14	22666.322	69.631	0.980
15	17578.141	52.384	0.980
16	22774.982	59.998	0.980
17	23062.917	41.370	0.980
18	21982.911	45.246	0.980
19	21275.646	83.638	0.980
20	31568.649	54.760	0.980
21	21727.267	63.833	0.980
22	21761.357	51.900	0.980
23	32274.559	51.484	0.980
24	32274.559	51.484	0.980
25	32088.015	67.739	0.980
26	21978.303	59.000	0.980
27	21978.303	59.000	0.980
28	21978.303	59.000	0.980
29	23042.624	103.460	0.980
30	23643.120	70.879	0.980
31	23643.120	70.879	0.980
32	23643.120	70.879	0.980
33	23643.120	70.879	0.980
34	35341.025	56.399	0.980
35	35341.025	56.399	0.980
36	35341.025	56.399	0.980
37	35341.025	56.399	0.980
38	35341.025	56.399	0.980
39	35341.025	56.399	0.980
40	35341.025	56.399	0.980
41	35341.025	56.399	0.980
42	35341.025	56.399	0.980
43	35341.025	56.399	0.980
44	35341.025	56.399	0.980
45	35341.025	56.399	0.980
46	35341.025	56.399	0.980
47	35341.025	56.399	0.980
48	35341.025	56.399	0.980
49	35341.025	56.399	0.980
1	14291.284	-0.000	1.000
2	19409.060	-0.000	1.000
3	25009.921	-0.000	1.000
4	29096.310	-0.000	1.000
5	19452.238	-0.000	1.000
6	23249.895	-0.000	1.000
7	31784.166	-0.000	1.000
8	22733.153	-0.000	1.000
9	22733.153	-0.000	1.000
10	22733.153	-0.000	1.000
11	34160.820	-0.000	1.000
12	16552.557	-0.000	1.000
13	19779.490	-0.000	1.000
14	23128.900	-0.000	1.000
15	17936.878	-0.000	1.000
16	23239.777	-0.000	1.000
17	23533.589	-0.000	1.000
18	22431.542	-0.000	1.000
19	21709.843	-0.000	1.000
20	32212.907	-0.000	1.000
21	22170.681	-0.000	1.000
22	22205.466	-0.000	1.000
23	32933.223	-0.000	1.000
24	32933.223	-0.000	1.000
25	32742.872	-0.000	1.000
26	22426.840	-0.000	1.000
27	22426.840	-0.000	1.000
28	22426.840	-0.000	1.000
29	23512.882	-0.000	1.000
30	24125.632	-0.000	1.000
31	24125.632	-0.000	1.000
32	24125.632	-0.000	1.000
33	24125.632	-0.000	1.000
34	36062.270	-0.000	1.000
35	36062.270	-0.000	1.000
36	36062.270	-0.000	1.000
37	36062.270	-0.000	1.000
38	36062.270	-0.000	1.000
39	36062.270	-0.000	1.000
40	36062.270	-0.000	1.000
41	36062.270	-0.000	1.000
42	36062.270	-0.000	1.000
43	36062.270	-0.000	1.000
44	36062.270	-0.000	1.000
45	36062.270	-0.000	1.000
46	36062.270	-0.000	1.000
47	36062.270	-0.000	1.000
48	36062.270	-0.000	1.000
49	36062.270	-0.000	1.000
