Iteration	expected_value	risk	lambda
1	0.000	5724.275	0.000
2	0.000	5899.923	0.000
3	0.000	5121.208	0.000
4	0.000	5518.152	0.000
5	0.000	4748.251	0.000
6	0.000	5289.382	0.000
7	0.000	5170.139	0.000
8	0.000	6855.398	0.000
9	0.000	5152.354	0.000
10	0.000	4701.264	0.000
11	0.000	4852.320	0.000
12	0.000	5231.975	0.000
13	0.000	4787.120	0.000
14	0.000	4833.949	0.000
15	0.000	4337.400	0.000
16	0.000	4551.207	0.000
17	0.000	4230.723	0.000
18	0.000	4372.217	0.000
19	0.000	4598.176	0.000
20	0.000	4497.642	0.000
21	0.000	4102.462	0.000
22	0.000	4165.406	0.000
23	0.000	5205.565	0.000
24	0.000	4038.444	0.000
25	0.000	3927.829	0.000
26	0.000	4076.743	0.000
27	0.000	4552.914	0.000
28	0.000	4718.493	0.000
29	0.000	4952.105	0.000
30	0.000	5106.634	0.000
31	0.000	5017.523	0.000
32	0.000	5374.435	0.000
33	0.000	5298.458	0.000
34	0.000	3959.415	0.000
35	0.000	4179.236	0.000
36	0.000	4127.894	0.000
37	0.000	4592.730	0.000
38	0.000	3925.428	0.000
39	0.000	3849.806	0.000
40	0.000	3861.787	0.000
41	0.000	3911.601	0.000
42	0.000	3838.115	0.000
43	0.000	3730.052	0.000
44	0.000	3880.788	0.000
45	0.000	5212.765	0.000
46	0.000	4804.694	0.000
47	0.000	6086.640	0.000
48	0.000	5024.066	0.000
49	0.000	4631.623	0.000
1	1112.243	5609.789	0.020
2	1041.894	5781.925	0.020
3	1052.275	5018.784	0.020
4	1028.576	5407.789	0.020
5	1038.029	4653.286	0.020
6	1011.322	5183.594	0.020
7	1011.550	5066.736	0.020
8	1069.503	6718.290	0.020
9	1002.867	5049.307	0.020
10	925.456	4607.238	0.020
11	952.100	4755.274	0.020
12	1013.360	5127.335	0.020
13	909.448	4691.378	0.020
14	972.662	4784.454	0.020
15	896.518	3990.950	0.020
16	959.732	4026.190	0.020
17	863.387	3679.325	0.020
18	926.602	3885.323	0.020
19	982.666	4506.213	0.020
20	1006.769	4299.339	0.020
21	1019.433	4349.955	0.020
22	975.073	4082.098	0.020
23	1036.251	5498.037	0.020
24	969.936	3957.675	0.020
25	1030.586	5427.664	0.020
26	963.084	3995.208	0.020
27	917.981	4461.856	0.020
28	1050.815	4624.123	0.020
29	939.168	4853.063	0.020
30	1003.906	5004.501	0.020
31	920.915	4917.173	0.020
32	998.326	5266.947	0.020
33	965.829	5192.488	0.020
34	892.984	3880.227	0.020
35	874.640	4095.651	0.020
36	928.959	4045.336	0.020
37	897.699	4500.875	0.020
38	937.867	3846.919	0.020
39	875.567	3772.810	0.020
40	906.702	3784.551	0.020
41	886.477	3833.369	0.020
42	870.911	3761.353	0.020
43	807.699	3655.451	0.020
44	866.703	3803.173	0.020
45	905.879	5108.509	0.020
46	954.927	4708.600	0.020
47	1048.251	5964.907	0.020
48	995.573	4923.585	0.020
49	926.228	4538.990	0.020
1	2224.486	5495.304	0.040
2	2083.789	5663.926	0.040
3	2104.550	4916.359	0.040
4	2057.151	5297.426	0.040
5	2076.058	4558.321	0.040
6	2022.644	5077.806	0.040
7	2023.099	4963.333	0.040
8	2139.005	6581.182	0.040
9	2005.735	4946.260	0.040
10	1850.913	4513.213	0.040
11	1904.201	4658.228	0.040
12	2026.720	5022.696	0.040
13	1818.896	4595.635	0.040
14	1945.325	4686.812	0.040
15	1793.035	3909.502	0.040
16	1919.464	3944.023	0.040
17	1726.775	3604.237	0.040
18	1853.204	3806.030	0.040
19	1965.332	4414.249	0.040
20	2013.538	4211.598	0.040
21	2038.865	4261.181	0.040
22	1950.146	3998.790	0.040
23	2072.501	5385.832	0.040
24	1939.871	3876.906	0.040
25	2061.172	5316.895	0.040
26	1926.167	3913.673	0.040
27	1835.963	4370.797	0.040
28	1974.653	4698.373	0.040
29	1958.540	6167.911	0.040
30	2298.549	6073.839	0.040
31	2077.020	5839.171	0.040
32	2338.170	5532.888	0.040
33	2218.307	6133.589	0.040
34	2474.864	5911.448	0.040
35	2098.145	4863.538	0.040
36	1995.062	3727.403	0.040
37	1961.121	4856.686	0.040
38	1878.195	3791.260	0.040
39	1842.907	4815.553	0.040
40	1861.371	3891.920	0.040
41	1771.142	4338.691	0.040
42	1897.567	4451.237	0.040
43	2090.161	4829.768	0.040
44	1999.984	4803.090	0.040
45	2180.142	5822.385	0.040
46	2230.461	5557.490	0.040
47	2321.998	5918.931	0.040
48	2092.047	4229.884	0.040
49	2072.874	4502.230	0.040
1	3336.729	5380.818	0.060
2	3125.683	5545.928	0.060
3	3156.825	4813.935	0.060
4	3085.727	5187.063	0.060
5	3114.087	4463.356	0.060
6	3033.965	4972.019	0.060
7	3034.649	4859.930	0.060
8	3208.508	6444.074	0.060
9	3008.602	4843.213	0.060
10	2776.369	4419.188	0.060
11	2856.301	4561.181	0.060
12	3040.080	4918.056	0.060
13	2728.344	4499.893	0.060
14	2789.499	4412.088	0.060
15	2594.466	3639.830	0.060
16	2784.109	3747.988	0.060
17	2495.691	3404.931	0.060
18	2685.334	3529.717	0.060
19	2621.161	4347.959	0.060
20	2970.385	4051.686	0.060
21	2882.967	4893.231	0.060
22	3104.727	4182.611	0.060
23	2751.578	3842.779	0.060
24	2721.555	3653.682	0.060
25	2560.843	3595.717	0.060
26	2737.854	3779.729	0.060
27	2902.017	4992.214	0.060
28	2904.749	4762.077	0.060
29	2762.746	4716.472	0.060
30	2792.056	3810.838	0.060
31	2822.978	3969.380	0.060
32	2889.881	3759.409	0.060
33	3035.811	4543.159	0.060
34	3043.471	4180.245	0.060
35	3170.066	5036.167	0.060
36	3245.149	4258.429	0.060
37	2800.411	4385.656	0.060
38	2777.905	3700.602	0.060
39	2615.803	3557.538	0.060
40	2653.916	3378.796	0.060
41	2463.860	3299.867	0.060
42	2696.093	3639.124	0.060
43	2275.607	3108.032	0.060
44	2452.619	3238.222	0.060
45	2601.634	4472.478	0.060
46	2514.920	3374.121	0.060
47	2703.246	4101.598	0.060
48	2687.640	3774.503	0.060
49	2734.509	4426.711	0.060
1	4448.972	5266.333	0.080
2	4167.578	5427.929	0.080
3	4209.100	4711.511	0.080
4	4114.303	5076.700	0.080
5	4152.116	4368.391	0.080
6	4045.287	4866.231	0.080
7	4046.199	4756.528	0.080
8	4278.011	6306.966	0.080
9	4011.469	4740.166	0.080
10	3701.825	4325.163	0.080
11	3808.401	4464.135	0.080
12	4053.441	4813.417	0.080
13	3466.474	4504.633	0.080
14	3719.332	4318.214	0.080
15	3459.288	3562.387	0.080
16	3712.145	3668.244	0.080
17	3327.588	3332.485	0.080
18	3580.446	3454.616	0.080
19	3494.881	4255.450	0.080
20	3960.514	3965.480	0.080
21	3843.956	4789.120	0.080
22	4139.637	4093.620	0.080
23	3668.771	3761.017	0.080
24	3607.661	3616.581	0.080
25	3393.378	3594.370	0.080
26	3629.393	3812.832	0.080
27	3838.197	5003.715	0.080
28	3855.515	4796.935	0.080
29	3623.515	4795.743	0.080
30	3819.709	4420.318	0.080
31	3542.285	4157.912	0.080
32	4016.819	4086.721	0.080
33	4180.322	4628.528	0.080
34	4221.658	4567.471	0.080
35	4369.040	5118.608	0.080
36	4490.562	4502.804	0.080
37	4111.011	4881.395	0.080
38	4124.457	4118.149	0.080
39	3850.095	4058.246	0.080
40	3730.917	3727.692	0.080
41	3338.912	3255.155	0.080
42	3389.109	3123.074	0.080
43	3135.815	3004.776	0.080
44	3327.492	3137.634	0.080
45	3100.690	3098.124	0.080
46	3270.158	3169.324	0.080
47	3468.845	4377.319	0.080
48	3577.090	3906.200	0.080
49	3964.360	4375.015	0.080
1	5561.215	5151.847	0.100
2	5209.472	5309.931	0.100
3	5261.375	4609.087	0.100
4	5142.879	4966.337	0.100
5	5190.145	4273.426	0.100
6	5056.609	4760.443	0.100
7	5057.748	4653.125	0.100
8	5347.514	6169.858	0.100
9	5014.337	4637.119	0.100
10	4627.282	4231.137	0.100
11	4760.502	4367.088	0.100
12	5066.801	4708.777	0.100
13	4333.093	4406.707	0.100
14	4649.165	4224.339	0.100
15	4324.110	3484.943	0.100
16	4640.182	3588.499	0.100
17	4159.485	3260.040	0.100
18	4475.557	3379.516	0.100
19	4368.601	4162.940	0.100
20	4950.642	3879.274	0.100
21	4804.945	4685.008	0.100
22	5174.546	4004.628	0.100
23	4585.963	3679.256	0.100
24	4509.576	3537.959	0.100
25	4241.723	3516.232	0.100
26	4536.742	3729.944	0.100
27	4797.747	4894.939	0.100
28	4819.394	4692.654	0.100
29	4529.393	4691.488	0.100
30	4774.636	4324.224	0.100
31	4427.856	4067.523	0.100
32	4743.917	4173.034	0.100
33	5225.403	4527.908	0.100
34	4957.091	4441.188	0.100
35	5668.198	4996.467	0.100
36	5135.043	4814.931	0.100
37	4708.499	4176.047	0.100
38	4725.213	3486.034	0.100
39	4670.376	3481.827	0.100
40	4710.377	3594.289	0.100
41	4694.312	4784.331	0.100
42	5001.179	4368.978	0.100
43	4329.698	4835.670	0.100
44	4703.641	4177.460	0.100
45	4956.985	4517.706	0.100
46	5014.137	4341.730	0.100
47	4500.407	3423.964	0.100
48	4887.462	3761.119	0.100
49	4713.767	4373.029	0.100
1	6673.458	5037.362	0.120
2	6251.367	5191.932	0.120
3	6313.650	4506.663	0.120
4	6171.454	4855.974	0.120
5	6228.174	4178.461	0.120
6	6067.931	4654.656	0.120
7	6069.298	4549.722	0.120
8	6417.016	6032.750	0.120
9	6017.204	4534.071	0.120
10	5552.738	4137.112	0.120
11	5712.602	4270.042	0.120
12	6080.161	4604.138	0.120
13	5199.711	4308.780	0.120
14	5578.998	4130.465	0.120
15	5188.932	3407.500	0.120
16	5568.218	3508.755	0.120
17	4991.382	3187.595	0.120
18	5370.668	3304.416	0.120
19	5242.321	4070.430	0.120
20	5940.770	3793.068	0.120
21	5765.934	4580.897	0.120
22	6209.455	3915.636	0.120
23	5503.156	3597.495	0.120
24	5411.491	3459.338	0.120
25	5090.068	3438.093	0.120
26	5444.090	3647.057	0.120
27	5757.296	4786.163	0.120
28	5783.273	4588.373	0.120
29	5435.272	4587.233	0.120
30	5729.563	4228.131	0.120
31	5313.427	3977.134	0.120
32	5692.700	4080.300	0.120
33	6270.484	4427.288	0.120
34	5948.510	4342.495	0.120
35	6801.838	4885.434	0.120
36	6162.052	4707.932	0.120
37	5650.199	4083.246	0.120
38	5670.255	3408.566	0.120
39	5604.451	3404.453	0.120
40	5652.453	3514.416	0.120
41	5633.174	4678.013	0.120
42	6001.415	4271.890	0.120
43	5195.637	4728.211	0.120
44	5644.370	4084.628	0.120
45	5948.382	4417.312	0.120
46	6016.964	4245.247	0.120
47	5400.489	3347.876	0.120
48	5864.954	3677.538	0.120
49	5656.520	4275.851	0.120
1	7785.701	4922.876	0.140
2	7293.261	5073.934	0.140
3	7365.925	4404.239	0.140
4	7200.030	4745.611	0.140
5	7266.203	4083.496	0.140
6	7079.253	4548.868	0.140
7	7080.847	4446.319	0.140
8	7486.519	5895.642	0.140
9	7020.071	4431.024	0.140
10	6478.195	4043.087	0.140
11	6664.702	4172.995	0.140
12	7093.521	4499.498	0.140
13	6066.330	4210.853	0.140
14	6508.831	4036.591	0.140
15	6053.754	3330.057	0.140
16	6496.254	3429.011	0.140
17	5823.279	3115.149	0.140
18	6265.780	3229.315	0.140
19	6116.041	3977.920	0.140
20	6930.899	3706.862	0.140
21	6726.922	4476.786	0.140
22	7244.364	3826.645	0.140
23	6420.349	3515.734	0.140
24	6313.406	3380.717	0.140
25	5938.412	3359.955	0.140
26	6351.438	3564.169	0.140
27	6716.845	4677.386	0.140
28	6747.151	4484.092	0.140
29	6341.151	4482.977	0.140
30	6684.490	4132.037	0.140
31	6198.999	3886.744	0.140
32	6641.483	3987.566	0.140
33	7315.564	4326.667	0.140
34	6939.928	4243.802	0.140
35	7935.477	4774.402	0.140
36	7189.060	4600.934	0.140
37	6591.899	3990.445	0.140
38	6615.298	3331.099	0.140
39	6538.526	3327.080	0.140
40	6594.528	3434.543	0.140
41	6572.037	4571.694	0.140
42	7001.651	4174.801	0.140
43	6061.577	4620.751	0.140
44	6585.098	3991.795	0.140
45	6939.779	4316.919	0.140
46	7019.792	4148.764	0.140
47	6300.570	3271.788	0.140
48	6842.447	3593.958	0.140
49	6599.273	4178.672	0.140
1	8897.944	4808.391	0.160
2	8335.156	4955.935	0.160
3	8418.200	4301.815	0.160
4	7794.516	5060.527	0.160
5	7896.796	4350.730	0.160
6	8090.574	4443.081	0.160
7	8092.397	4342.916	0.160
8	8556.022	5758.534	0.160
9	8022.939	4327.977	0.160
10	7403.651	3949.062	0.160
11	7868.062	3896.183	0.160
12	7756.421	4528.847	0.160
13	8088.306	3965.545	0.160
14	8538.137	4017.900	0.160
15	7279.071	3657.214	0.160
16	7777.638	3727.605	0.160
17	7119.033	3522.844	0.160
18	7738.321	3751.480	0.160
19	6916.664	3237.390	0.160
20	7535.951	3501.281	0.160
21	6655.176	3042.704	0.160
22	7094.902	3278.255	0.160
23	6733.990	3664.297	0.160
24	7163.589	3709.359	0.160
25	8005.652	4358.363	0.160
26	7700.270	4135.463	0.160
27	8920.547	4760.722	0.160
28	7582.306	3660.650	0.160
29	8809.357	4399.294	0.160
30	7831.353	3288.101	0.160
31	8530.294	4232.108	0.160
32	8151.135	3704.960	0.160
33	7905.275	4341.015	0.160
34	7770.992	4408.691	0.160
35	6925.855	4228.514	0.160
36	7175.264	3775.320	0.160
37	6669.549	3602.718	0.160
38	7099.149	3739.459	0.160
39	7894.014	4416.050	0.160
40	7639.417	4035.943	0.160
41	7527.941	3547.106	0.160
42	7819.939	3510.378	0.160
43	8095.979	4039.090	0.160
44	7954.380	3470.493	0.160
45	8408.478	4314.813	0.160
46	8395.810	4339.580	0.160
47	7703.321	4023.933	0.160
48	7578.151	3440.581	0.160
49	7843.852	4138.333	0.160
1	10010.187	4693.905	0.180
2	9377.050	4837.937	0.180
3	9470.475	4199.390	0.180
4	8768.831	4940.038	0.180
5	8883.895	4247.141	0.180
6	9101.896	4337.293	0.180
7	9103.947	4239.514	0.180
8	9625.525	5621.426	0.180
9	9025.806	4224.930	0.180
10	8329.107	3855.036	0.180
11	8851.570	3803.417	0.180
12	8725.973	4421.017	0.180
13	9099.344	3871.128	0.180
14	9605.404	3922.235	0.180
15	8188.954	3570.138	0.180
16	8749.843	3638.852	0.180
17	7666.514	3757.159	0.180
18	8333.330	3754.367	0.180
19	7391.579	2878.607	0.180
20	8088.278	3174.555	0.180
21	7812.205	3738.896	0.180
22	8342.100	3401.302	0.180
23	7905.099	4142.779	0.180
24	8781.481	3695.035	0.180
25	8375.560	3968.851	0.180
26	8864.429	3997.381	0.180
27	9830.340	4562.237	0.180
28	8539.050	3802.098	0.180
29	9405.726	4125.427	0.180
30	8958.532	4012.084	0.180
31	9785.489	4887.300	0.180
32	8767.785	3386.378	0.180
33	8724.907	3881.390	0.180
34	9074.880	4211.614	0.180
35	8458.469	4132.080	0.180
36	9155.168	4415.596	0.180
37	9780.730	5304.713	0.180
38	8468.047	3805.854	0.180
39	9150.269	4779.269	0.180
40	9047.783	4198.952	0.180
41	8484.780	3984.315	0.180
42	8669.642	3279.485	0.180
43	9107.434	3963.181	0.180
44	9126.606	4037.103	0.180
45	8308.130	3611.035	0.180
46	7920.386	3172.139	0.180
47	8204.549	4038.629	0.180
48	8086.051	3269.470	0.180
49	7461.685	3176.589	0.180
1	11122.430	4579.420	0.200
2	10418.944	4719.939	0.200
3	10522.749	4096.966	0.200
4	9743.145	4819.550	0.200
5	9870.995	4143.552	0.200
6	10113.218	4231.505	0.200
7	10115.496	4136.111	0.200
8	10695.027	5484.318	0.200
9	10028.673	4121.883	0.200
10	9254.564	3761.011	0.200
11	9835.078	3710.651	0.200
12	9695.526	4313.188	0.200
13	10110.382	3776.710	0.200
14	10672.671	3826.571	0.200
15	9098.838	3483.061	0.200
16	9722.048	3550.100	0.200
17	8518.349	3665.521	0.200
18	9259.255	3662.797	0.200
19	8212.866	2808.398	0.200
20	8986.975	3097.127	0.200
21	8680.228	3647.703	0.200
22	9269.000	3318.343	0.200
23	8783.444	4041.736	0.200
24	9757.201	3604.912	0.200
25	9306.178	3872.050	0.200
26	9849.365	3899.884	0.200
27	10922.600	4450.963	0.200
28	9487.833	3709.364	0.200
29	10450.806	4024.807	0.200
30	9953.924	3914.228	0.200
31	10872.765	4768.098	0.200
32	9741.983	3303.783	0.200
33	9694.341	3786.722	0.200
34	10083.200	4108.892	0.200
35	9398.299	4031.297	0.200
36	10172.409	4307.898	0.200
37	10867.477	5175.329	0.200
38	9408.941	3713.029	0.200
39	10166.966	4662.701	0.200
40	10053.093	4096.538	0.200
41	9427.534	3887.137	0.200
42	9632.935	3199.497	0.200
43	10119.371	3866.518	0.200
44	10140.673	3938.637	0.200
45	9231.256	3522.961	0.200
46	8800.428	3094.769	0.200
47	9116.165	3940.126	0.200
48	8984.501	3189.727	0.200
49	8290.761	3099.111	0.200
1	12234.673	4464.934	0.220
2	11460.839	4601.940	0.220
3	11575.024	3994.542	0.220
4	10717.460	4699.061	0.220
5	10858.094	4039.963	0.220
6	11124.540	4125.718	0.220
7	11127.046	4032.708	0.220
8	11764.530	5347.210	0.220
9	11031.541	4018.836	0.220
10	10180.020	3666.986	0.220
11	10818.585	3617.884	0.220
12	10665.079	4205.358	0.220
13	11121.420	3682.292	0.220
14	11739.938	3730.907	0.220
15	10008.722	3395.985	0.220
16	10694.253	3461.347	0.220
17	9370.184	3573.883	0.220
18	10185.181	3571.228	0.220
19	9034.152	2738.188	0.220
20	9885.673	3019.698	0.220
21	9548.251	3556.511	0.220
22	10195.900	3235.385	0.220
23	9661.788	3940.692	0.220
24	10732.921	3514.789	0.220
25	10236.796	3775.249	0.220
26	10834.302	3802.386	0.220
27	12014.860	4339.689	0.220
28	10436.617	3616.630	0.220
29	11495.887	3924.187	0.220
30	10949.316	3816.373	0.220
31	11960.042	4648.895	0.220
32	10716.181	3221.188	0.220
33	10663.776	3692.054	0.220
34	11091.520	4006.170	0.220
35	10338.129	3930.515	0.220
36	11189.650	4200.201	0.220
37	11954.225	5045.946	0.220
38	10349.836	3620.203	0.220
39	11183.662	4546.134	0.220
40	11058.402	3994.125	0.220
41	10370.287	3789.959	0.220
42	10596.229	3119.510	0.220
43	11131.309	3769.855	0.220
44	11154.741	3840.171	0.220
45	10154.381	3434.887	0.220
46	9680.471	3017.400	0.220
47	10027.782	3841.623	0.220
48	9882.951	3109.984	0.220
49	9119.837	3021.633	0.220
1	13346.916	4350.449	0.240
2	12502.733	4483.942	0.240
3	12627.299	3892.118	0.240
4	11691.774	4578.572	0.240
5	11845.194	3936.374	0.240
6	12135.861	4019.930	0.240
7	12138.596	3929.305	0.240
8	12834.033	5210.102	0.240
9	12034.408	3915.789	0.240
10	11105.476	3572.960	0.240
11	11802.093	3525.118	0.240
12	11634.631	4097.528	0.240
13	12132.458	3587.874	0.240
14	12807.205	3635.242	0.240
15	10643.642	3562.922	0.240
16	11390.309	3724.287	0.240
17	10222.018	3482.245	0.240
18	11111.106	3479.658	0.240
19	9855.439	2667.978	0.240
20	10784.370	2942.270	0.240
21	10416.274	3465.318	0.240
22	11392.143	3206.835	0.240
23	10540.132	3839.649	0.240
24	11708.641	3424.667	0.240
25	11167.413	3678.447	0.240
26	11722.437	3694.752	0.240
27	12415.531	4158.480	0.240
28	11288.739	3527.633	0.240
29	12358.246	3869.963	0.240
30	11847.917	3719.546	0.240
31	12604.991	4933.943	0.240
32	12099.840	3903.447	0.240
33	11633.210	3597.386	0.240
34	12220.936	4012.043	0.240
35	11397.727	3804.463	0.240
36	12326.658	4066.935	0.240
37	13221.009	4893.251	0.240
38	11387.390	3517.627	0.240
39	12760.247	4617.119	0.240
40	11561.513	3043.375	0.240
41	12143.969	3654.415	0.240
42	11559.522	3039.522	0.240
43	12143.246	3673.192	0.240
44	12118.691	3244.447	0.240
45	11503.611	3604.378	0.240
46	11034.584	3078.572	0.240
47	10493.356	3378.702	0.240
48	11303.927	3167.826	0.240
49	10949.670	3716.389	0.240
1	14459.159	4235.963	0.260
2	13544.628	4365.943	0.260
3	13679.574	3789.694	0.260
4	12666.089	4458.083	0.260
5	12832.293	3832.786	0.260
6	13147.183	3914.142	0.260
7	13150.145	3825.903	0.260
8	13903.535	5072.995	0.260
9	13037.275	3812.742	0.260
10	12030.933	3478.935	0.260
11	12785.601	3432.352	0.260
12	12604.184	3989.698	0.260
13	13143.497	3493.457	0.260
14	13874.472	3539.578	0.260
15	11530.612	3469.161	0.260
16	12339.502	3626.279	0.260
17	11073.853	3390.607	0.260
18	12037.032	3388.088	0.260
19	10676.725	2597.768	0.260
20	11683.068	2864.842	0.260
21	11284.297	3374.126	0.260
22	12341.488	3122.445	0.260
23	11418.477	3738.605	0.260
24	12684.361	3334.544	0.260
25	12098.031	3581.646	0.260
26	12699.306	3597.522	0.260
27	13450.158	4049.046	0.260
28	12229.467	3434.801	0.260
29	13388.100	3768.122	0.260
30	12835.244	3621.663	0.260
31	13655.407	4804.102	0.260
32	13108.160	3800.725	0.260
33	12602.644	3502.718	0.260
34	13239.347	3906.463	0.260
35	12347.537	3704.346	0.260
36	13353.880	3959.910	0.260
37	14322.760	4764.481	0.260
38	12336.340	3425.058	0.260
39	13823.601	4495.616	0.260
40	12524.972	2963.286	0.260
41	13155.967	3558.246	0.260
42	12522.816	2959.535	0.260
43	13155.183	3576.529	0.260
44	13128.581	3159.066	0.260
45	12462.246	3509.526	0.260
46	11954.133	2997.557	0.260
47	11367.802	3289.789	0.260
48	12245.921	3084.462	0.260
49	11862.142	3618.589	0.260
1	15571.402	4121.478	0.280
2	14586.522	4247.945	0.280
3	14731.849	3687.270	0.280
4	13640.403	4337.595	0.280
5	13819.392	3729.197	0.280
6	14158.505	3808.355	0.280
7	14161.695	3722.500	0.280
8	14973.038	4935.887	0.280
9	14040.143	3709.695	0.280
10	12956.389	3384.910	0.280
11	13769.109	3339.586	0.280
12	13573.736	3881.869	0.280
13	14154.535	3399.039	0.280
14	14941.739	3443.914	0.280
15	12417.582	3375.400	0.280
16	13288.694	3528.272	0.280
17	11925.688	3298.969	0.280
18	12962.958	3296.518	0.280
19	11498.012	2527.558	0.280
20	12581.765	2787.414	0.280
21	12152.320	3282.933	0.280
22	13290.834	3038.055	0.280
23	12296.821	3637.562	0.280
24	13660.081	3244.421	0.280
25	13028.649	3484.845	0.280
26	13676.176	3500.291	0.280
27	14484.786	3939.612	0.280
28	13170.196	3341.968	0.280
29	14417.954	3666.281	0.280
30	13822.570	3523.780	0.280
31	14705.822	4674.261	0.280
32	14116.480	3698.003	0.280
33	13572.078	3408.050	0.280
34	14257.758	3800.883	0.280
35	13297.348	3604.228	0.280
36	14381.101	3852.886	0.280
37	15424.511	4635.711	0.280
38	13285.289	3332.489	0.280
39	14886.954	4374.113	0.280
40	13488.432	2883.197	0.280
41	14167.964	3462.077	0.280
42	13486.109	2879.548	0.280
43	14167.120	3479.866	0.280
44	14138.472	3073.686	0.280
45	13420.880	3414.674	0.280
46	12873.681	2916.542	0.280
47	12242.249	3200.875	0.280
48	13187.915	3001.098	0.280
49	12774.614	3520.790	0.280
1	16683.645	4006.992	0.300
2	15628.417	4129.946	0.300
3	15784.124	3584.845	0.300
4	14614.718	4217.106	0.300
5	14806.492	3625.608	0.300
6	15706.981	4718.469	0.300
7	15173.245	3619.097	0.300
8	16042.541	4798.779	0.300
9	15043.010	3606.648	0.300
10	13881.845	3290.885	0.300
11	14752.616	3246.819	0.300
12	14543.289	3774.039	0.300
13	15165.573	3304.621	0.300
14	16009.007	3348.250	0.300
15	13304.552	3281.639	0.300
16	14237.886	3430.264	0.300
17	12777.523	3207.331	0.300
18	13888.883	3204.948	0.300
19	12319.298	2457.348	0.300
20	13480.463	2709.986	0.300
21	13020.342	3191.740	0.300
22	14240.179	2953.664	0.300
23	13175.166	3536.519	0.300
24	14635.801	3154.298	0.300
25	13959.267	3388.044	0.300
26	14653.046	3403.061	0.300
27	15519.413	3830.179	0.300
28	14110.924	3249.136	0.300
29	15447.808	3564.440	0.300
30	14809.897	3425.897	0.300
31	15756.238	4544.421	0.300
32	15124.800	3595.281	0.300
33	14541.512	3313.382	0.300
34	15276.170	3695.303	0.300
35	14247.158	3504.111	0.300
36	15408.323	3745.861	0.300
37	16526.262	4506.942	0.300
38	14234.238	3239.919	0.300
39	15950.308	4252.610	0.300
40	14451.891	2803.108	0.300
41	15179.961	3365.909	0.300
42	14449.403	2799.560	0.300
43	15179.057	3383.203	0.300
44	15148.363	2988.306	0.300
45	14379.514	3319.822	0.300
46	13793.230	2835.527	0.300
47	13116.695	3111.962	0.300
48	14129.909	2917.734	0.300
49	13687.087	3422.990	0.300
1	17795.888	3892.507	0.320
2	16670.311	4011.948	0.320
3	16836.399	3482.421	0.320
4	15589.032	4096.617	0.320
5	15793.591	3522.019	0.320
6	16754.113	4583.655	0.320
7	16184.794	3515.694	0.320
8	17112.044	4661.671	0.320
9	16045.877	3503.601	0.320
10	14807.302	3196.859	0.320
11	15736.124	3154.053	0.320
12	15512.842	3666.209	0.320
13	16176.611	3210.203	0.320
14	17076.274	3252.585	0.320
15	14191.522	3187.877	0.320
16	15187.079	3332.257	0.320
17	13629.358	3115.693	0.320
18	14814.809	3113.378	0.320
19	13140.585	2387.138	0.320
20	14379.160	2632.558	0.320
21	13888.365	3100.548	0.320
22	15189.524	2869.274	0.320
23	14053.510	3435.475	0.320
24	14482.027	3028.367	0.320
25	16371.197	4020.499	0.320
26	15331.028	3126.655	0.320
27	17797.612	3609.290	0.320
28	15164.584	3036.597	0.320
29	17509.972	3388.993	0.320
30	14540.521	2509.918	0.320
31	15338.149	3224.970	0.320
32	15409.340	2772.185	0.320
33	15281.226	3267.898	0.320
34	15768.464	2886.241	0.320
35	16489.379	3766.134	0.320
36	16917.671	3075.988	0.320
37	14675.083	2779.882	0.320
38	15829.343	2910.433	0.320
39	13643.742	2841.111	0.320
40	14587.802	3010.450	0.320
41	15446.108	3786.355	0.320
42	13867.245	2638.936	0.320
43	14494.059	3544.680	0.320
44	15278.834	3267.192	0.320
45	14169.140	3073.240	0.320
46	15412.696	2719.573	0.320
47	16190.994	3286.541	0.320
48	16225.078	3347.841	0.320
49	18460.275	3728.709	0.320
1	18908.131	3778.021	0.340
2	17712.206	3893.949	0.340
3	17888.674	3379.997	0.340
4	16563.347	3976.128	0.340
5	16780.691	3418.430	0.340
6	17801.245	4448.842	0.340
7	17196.344	3412.292	0.340
8	18181.546	4524.563	0.340
9	17048.745	3400.554	0.340
10	15732.758	3102.834	0.340
11	16719.632	3061.287	0.340
12	16482.394	3558.380	0.340
13	17187.649	3115.786	0.340
14	18143.541	3156.921	0.340
15	15078.492	3094.116	0.340
16	16136.271	3234.249	0.340
17	14481.193	3024.055	0.340
18	15740.734	3021.808	0.340
19	13961.871	2316.928	0.340
20	15277.858	2555.129	0.340
21	14756.388	3009.355	0.340
22	16138.869	2784.883	0.340
23	14931.854	3334.432	0.340
24	15387.154	2939.298	0.340
25	17394.397	3902.249	0.340
26	16289.217	3034.695	0.340
27	18909.963	3503.135	0.340
28	16112.371	2947.285	0.340
29	18604.345	3289.317	0.340
30	15449.304	2436.097	0.340
31	16296.783	3130.118	0.340
32	16372.424	2690.650	0.340
33	16236.303	3171.783	0.340
34	16753.993	2801.351	0.340
35	17519.965	3655.366	0.340
36	17256.159	3510.722	0.340
37	15453.933	3162.930	0.340
38	16706.506	3305.253	0.340
39	14984.491	3316.177	0.340
40	15009.069	2811.737	0.340
41	15803.801	3470.484	0.340
42	15853.013	3530.710	0.340
43	15953.613	3562.533	0.340
44	16499.032	3205.823	0.340
45	15939.321	3432.209	0.340
46	16676.966	3151.445	0.340
47	15088.763	2786.807	0.340
48	16162.798	2481.951	0.340
49	15653.544	2457.627	0.340
1	20020.374	3663.536	0.360
2	18754.100	3775.951	0.360
3	18940.949	3277.573	0.360
4	17537.661	3855.640	0.360
5	17767.790	3314.842	0.360
6	18848.377	4314.028	0.360
7	18207.894	3308.889	0.360
8	19251.049	4387.455	0.360
9	18051.612	3297.507	0.360
10	16658.215	3008.809	0.360
11	17703.140	2968.521	0.360
12	17451.947	3450.550	0.360
13	18198.688	3021.368	0.360
14	19210.808	3061.257	0.360
15	15965.462	3000.355	0.360
16	17085.464	3136.242	0.360
17	15333.028	2932.417	0.360
18	16666.660	2930.238	0.360
19	14783.158	2246.718	0.360
20	16176.555	2477.701	0.360
21	15624.411	2918.163	0.360
22	17088.215	2700.493	0.360
23	15810.199	3233.388	0.360
24	16292.280	2850.228	0.360
25	18417.596	3783.999	0.360
26	17247.406	2942.734	0.360
27	20022.313	3396.979	0.360
28	17060.157	2857.973	0.360
29	19698.718	3189.641	0.360
30	16358.086	2362.276	0.360
31	17255.417	3035.266	0.360
32	17335.507	2609.115	0.360
33	17191.379	3075.669	0.360
34	17739.522	2716.462	0.360
35	18550.552	3544.597	0.360
36	18271.227	3404.337	0.360
37	16362.988	3067.083	0.360
38	17689.242	3205.094	0.360
39	15865.932	3215.687	0.360
40	15891.956	2726.533	0.360
41	16733.436	3365.318	0.360
42	16785.543	3423.719	0.360
43	16892.061	3454.577	0.360
44	17469.564	3108.677	0.360
45	16876.928	3328.203	0.360
46	17657.964	3055.947	0.360
47	15976.337	2702.358	0.360
48	17113.551	2406.740	0.360
49	16574.341	2383.154	0.360
1	21132.617	3549.050	0.380
2	19795.995	3657.952	0.380
3	19993.224	3175.149	0.380
4	18511.976	3735.151	0.380
5	18754.890	3211.253	0.380
6	19895.509	4179.215	0.380
7	19219.443	3205.486	0.380
8	20320.552	4250.347	0.380
9	19054.479	3194.459	0.380
10	17583.671	2914.783	0.380
11	18686.647	2875.754	0.380
12	18421.499	3342.720	0.380
13	19209.726	2926.950	0.380
14	20278.075	2965.593	0.380
15	16852.433	2906.594	0.380
16	18034.656	3038.234	0.380
17	16184.863	2840.779	0.380
18	17592.585	2838.668	0.380
19	15604.444	2176.508	0.380
20	17075.253	2400.273	0.380
21	16492.434	2826.970	0.380
22	18037.560	2616.103	0.380
23	16688.543	3132.345	0.380
24	17197.407	2761.158	0.380
25	19440.796	3665.749	0.380
26	18205.595	2850.774	0.380
27	21134.664	3290.824	0.380
28	18007.944	2768.662	0.380
29	20793.091	3089.964	0.380
30	17266.869	2288.455	0.380
31	18214.051	2940.413	0.380
32	18298.591	2527.580	0.380
33	18146.456	2979.554	0.380
34	18725.051	2631.572	0.380
35	19581.138	3433.828	0.380
36	19286.295	3297.951	0.380
37	17272.042	2971.237	0.380
38	18671.978	3104.935	0.380
39	16747.373	3115.196	0.380
40	16774.842	2641.329	0.380
41	17663.072	3260.152	0.380
42	17718.074	3316.727	0.380
43	17830.509	3346.622	0.380
44	18440.095	3011.530	0.380
45	17814.535	3224.197	0.380
46	18638.962	2960.448	0.380
47	16863.911	2617.909	0.380
48	18064.304	2331.529	0.380
49	17495.138	2308.680	0.380
1	22244.860	3434.565	0.400
2	20837.889	3539.954	0.400
3	21045.499	3072.725	0.400
4	19486.290	3614.662	0.400
5	19741.989	3107.664	0.400
6	20942.641	4044.402	0.400
7	20230.993	3102.083	0.400
8	21390.054	4113.239	0.400
9	20057.347	3091.412	0.400
10	18509.127	2820.758	0.400
11	19670.155	2782.988	0.400
12	19391.052	3234.891	0.400
13	20220.764	2832.532	0.400
14	21345.342	2869.928	0.400
15	17739.403	2812.833	0.400
16	18983.849	2940.227	0.400
17	17036.697	2749.141	0.400
18	18518.511	2747.098	0.400
19	16425.731	2106.298	0.400
20	17973.951	2322.845	0.400
21	17360.457	2735.777	0.400
22	18986.905	2531.712	0.400
23	17566.887	3031.302	0.400
24	18102.534	2672.089	0.400
25	20463.996	3547.499	0.400
26	19163.785	2758.814	0.400
27	22247.015	3184.668	0.400
28	18955.730	2679.350	0.400
29	21887.464	2990.288	0.400
30	18175.652	2214.633	0.400
31	19172.686	2845.561	0.400
32	19540.529	2371.401	0.400
33	18767.019	2819.652	0.400
34	18400.559	2708.657	0.400
35	14488.397	1895.462	0.400
36	16036.545	2072.497	0.400
37	16909.059	3066.026	0.400
38	16681.327	2282.825	0.400
39	16815.912	2978.074	0.400
40	17657.729	2556.124	0.400
41	16581.522	2324.333	0.400
42	17667.896	2326.148	0.400
43	18935.864	3063.074	0.400
44	16945.067	2116.870	0.400
45	18020.885	2678.585	0.400
46	17508.869	2224.671	0.400
47	18151.809	2881.403	0.400
48	18193.247	2254.816	0.400
49	18148.374	2822.265	0.400
1	23357.103	3320.079	0.420
2	21879.783	3421.955	0.420
3	22097.774	2970.301	0.420
4	20460.605	3494.173	0.420
5	20729.089	3004.075	0.420
6	21989.773	3909.588	0.420
7	21242.542	2998.680	0.420
8	22459.557	3976.131	0.420
9	21060.214	2988.365	0.420
10	19434.584	2726.733	0.420
11	20653.663	2690.222	0.420
12	20360.604	3127.061	0.420
13	20548.941	2818.540	0.420
14	21564.575	2885.428	0.420
15	20272.766	2584.300	0.420
16	21593.901	2705.537	0.420
17	18297.618	2453.410	0.420
18	19923.249	2654.733	0.420
19	17072.345	2133.384	0.420
20	18263.784	2129.712	0.420
21	16961.681	2163.430	0.420
22	18200.759	2250.857	0.420
23	19082.294	2933.019	0.420
24	20053.470	2786.722	0.420
25	22013.265	3530.251	0.420
26	20406.378	2655.150	0.420
27	21623.926	3139.092	0.420
28	22242.171	2911.459	0.420
29	20785.943	2802.465	0.420
30	22204.443	2623.637	0.420
31	19161.922	2836.192	0.420
32	19781.872	2417.551	0.420
33	17469.838	2100.915	0.420
34	18597.536	2183.471	0.420
35	18178.165	2738.955	0.420
36	18804.421	2561.224	0.420
37	21014.837	3009.346	0.420
38	20213.210	2855.439	0.420
39	23416.437	3287.165	0.420
40	19903.552	2527.591	0.420
41	23124.562	3037.608	0.420
42	19956.931	2337.097	0.420
43	21178.468	3117.335	0.420
44	21396.730	2558.187	0.420
45	20083.064	2461.993	0.420
46	20398.855	3044.096	0.420
47	18180.370	2919.688	0.420
48	19193.017	2694.437	0.420
49	17924.602	2684.164	0.420
1	24469.346	3205.594	0.440
2	22921.678	3303.957	0.440
3	23150.049	2867.876	0.440
4	21434.920	3373.685	0.440
5	21716.188	2900.486	0.440
6	23036.905	3774.775	0.440
7	22254.092	2895.278	0.440
8	23529.060	3839.023	0.440
9	22063.082	2885.318	0.440
10	20360.040	2632.708	0.440
11	21637.171	2597.455	0.440
12	21330.157	3019.231	0.440
13	21527.462	2721.349	0.440
14	22591.459	2785.931	0.440
15	21238.136	2495.186	0.440
16	22622.182	2612.243	0.440
17	19168.934	2368.810	0.440
18	20871.975	2563.191	0.440
19	17885.314	2059.819	0.440
20	19133.488	2056.274	0.440
21	17769.380	2088.829	0.440
22	19067.462	2173.242	0.440
23	19990.975	2831.880	0.440
24	21008.397	2690.629	0.440
25	23061.515	3408.518	0.440
26	21378.110	2563.593	0.440
27	22653.637	3030.848	0.440
28	23301.322	2811.064	0.440
29	21775.750	2705.828	0.440
30	23261.797	2533.167	0.440
31	20074.394	2738.392	0.440
32	20723.866	2334.188	0.440
33	18301.735	2028.469	0.440
34	19483.133	2108.179	0.440
35	19043.792	2644.509	0.440
36	19699.870	2472.906	0.440
37	22015.544	2905.575	0.440
38	21175.744	2756.975	0.440
39	24531.505	3173.814	0.440
40	20851.340	2440.433	0.440
41	24225.732	2932.863	0.440
42	20907.261	2256.508	0.440
43	22186.967	3009.841	0.440
44	22415.622	2469.973	0.440
45	21039.401	2377.097	0.440
46	21370.229	2939.127	0.440
47	19046.102	2819.009	0.440
48	20106.970	2601.525	0.440
49	18778.154	2591.606	0.440
1	25581.589	3091.108	0.460
2	23963.572	3185.958	0.460
3	24202.324	2765.452	0.460
4	22409.234	3253.196	0.460
5	22703.288	2796.898	0.460
6	24084.037	3639.961	0.460
7	23265.642	2791.875	0.460
8	24598.563	3701.915	0.460
9	23065.949	2782.271	0.460
10	21285.496	2538.682	0.460
11	22620.678	2504.689	0.460
12	22299.710	2911.402	0.460
13	22505.983	2624.158	0.460
14	23618.344	2686.433	0.460
15	22203.506	2406.072	0.460
16	23650.463	2518.948	0.460
17	20040.249	2284.210	0.460
18	21820.701	2471.648	0.460
19	18698.283	1986.254	0.460
20	20003.192	1982.835	0.460
21	18577.079	2014.228	0.460
22	19934.164	2095.626	0.460
23	20899.655	2730.741	0.460
24	21963.324	2594.535	0.460
25	24109.766	3286.786	0.460
26	22349.843	2472.036	0.460
27	23683.347	2922.603	0.460
28	24360.473	2710.669	0.460
29	22765.557	2609.191	0.460
30	24319.151	2442.696	0.460
31	20986.867	2640.592	0.460
32	21665.860	2250.824	0.460
33	19133.632	1956.024	0.460
34	20368.730	2032.887	0.460
35	19909.419	2550.062	0.460
36	20595.319	2384.588	0.460
37	23016.250	2801.805	0.460
38	22148.591	2582.538	0.460
39	24457.140	3280.585	0.460
40	22535.379	2535.692	0.460
41	24996.756	2986.691	0.460
42	25461.893	3054.020	0.460
43	22185.286	2645.400	0.460
44	26386.333	3177.784	0.460
45	26632.266	3335.653	0.460
46	22541.416	2658.350	0.460
47	20151.714	2597.697	0.460
48	19693.954	2060.112	0.460
49	20651.253	2927.611	0.460
1	26693.832	2976.623	0.480
2	25005.467	3067.960	0.480
3	25254.599	2663.028	0.480
4	23383.549	3132.707	0.480
5	23690.387	2693.309	0.480
6	25131.170	3505.148	0.480
7	24277.191	2688.472	0.480
8	25668.065	3564.807	0.480
9	24068.816	2679.224	0.480
10	22210.953	2444.657	0.480
11	23604.186	2411.923	0.480
12	23269.262	2803.572	0.480
13	23484.504	2526.967	0.480
14	24645.228	2586.936	0.480
15	23168.875	2316.959	0.480
16	24678.744	2425.654	0.480
17	20911.564	2199.609	0.480
18	22769.427	2380.106	0.480
19	19511.251	1912.689	0.480
20	20872.896	1909.397	0.480
21	19384.778	1939.627	0.480
22	20800.867	2018.010	0.480
23	21808.336	2629.603	0.480
24	22918.251	2498.441	0.480
25	25158.017	3165.053	0.480
26	23321.575	2380.479	0.480
27	24713.058	2814.359	0.480
28	25419.624	2610.274	0.480
29	23755.364	2512.554	0.480
30	25376.506	2352.226	0.480
31	21899.339	2542.792	0.480
32	22607.854	2167.460	0.480
33	19965.529	1883.579	0.480
34	21254.327	1957.595	0.480
35	20775.046	2455.615	0.480
36	21490.767	2296.270	0.480
37	24016.957	2698.034	0.480
38	23111.573	2486.888	0.480
39	25520.493	3159.081	0.480
40	23515.178	2441.777	0.480
41	26083.572	2876.073	0.480
42	26568.932	2940.909	0.480
43	23149.864	2547.422	0.480
44	27533.565	3060.089	0.480
45	27790.191	3212.110	0.480
46	23521.477	2559.893	0.480
47	21027.876	2501.486	0.480
48	20550.213	1983.812	0.480
49	21549.133	2819.181	0.480
1	27806.075	2862.137	0.500
2	26047.361	2949.962	0.500
3	26306.874	2560.604	0.500
4	24357.863	3012.219	0.500
5	24677.487	2589.720	0.500
6	26178.302	3370.335	0.500
7	25288.741	2585.069	0.500
8	26737.568	3427.699	0.500
9	25071.684	2576.177	0.500
10	23136.409	2350.632	0.500
11	24587.694	2319.157	0.500
12	24238.815	2695.742	0.500
13	24463.025	2429.776	0.500
14	25672.113	2487.438	0.500
15	24134.245	2227.845	0.500
16	25707.025	2332.360	0.500
17	21782.879	2115.009	0.500
18	23718.153	2288.563	0.500
19	20324.220	1839.124	0.500
20	21742.600	1835.959	0.500
21	20192.477	1865.026	0.500
22	21667.570	1940.394	0.500
23	22717.017	2528.464	0.500
24	23873.179	2402.347	0.500
25	26206.268	3043.320	0.500
26	24293.307	2288.922	0.500
27	25742.769	2706.114	0.500
28	26478.775	2509.879	0.500
29	24745.171	2415.918	0.500
30	26433.860	2261.756	0.500
31	22811.812	2444.993	0.500
32	23549.848	2084.096	0.500
33	20797.426	1811.133	0.500
34	22139.924	1882.303	0.500
35	21640.673	2361.168	0.500
36	22386.216	2207.952	0.500
37	25017.663	2594.264	0.500
38	24074.555	2391.239	0.500
39	26583.847	3037.578	0.500
40	24494.977	2347.863	0.500
41	27170.387	2765.455	0.500
42	27675.970	2827.797	0.500
43	24114.442	2449.444	0.500
44	28680.797	2942.393	0.500
45	28948.115	3088.568	0.500
46	24501.539	2461.435	0.500
47	21904.037	2405.275	0.500
48	21406.472	1907.511	0.500
49	22447.014	2710.751	0.500
1	28918.318	2747.652	0.520
2	27089.256	2831.963	0.520
3	27359.149	2458.180	0.520
4	25332.178	2891.730	0.520
5	25664.586	2486.131	0.520
6	27225.434	3235.521	0.520
7	26300.291	2481.667	0.520
8	27807.071	3290.591	0.520
9	26074.551	2473.130	0.520
10	24061.866	2256.607	0.520
11	25571.202	2226.390	0.520
12	25208.367	2587.913	0.520
13	25441.546	2332.585	0.520
14	26698.997	2387.941	0.520
15	25099.615	2138.731	0.520
16	26735.306	2239.065	0.520
17	22654.194	2030.408	0.520
18	24666.880	2197.021	0.520
19	21137.189	1765.559	0.520
20	22612.304	1762.520	0.520
21	21000.176	1790.425	0.520
22	22534.273	1862.778	0.520
23	23625.697	2427.326	0.520
24	24828.106	2306.253	0.520
25	27254.518	2921.587	0.520
26	25265.039	2197.365	0.520
27	26772.480	2597.869	0.520
28	27537.927	2409.483	0.520
29	25734.977	2319.281	0.520
30	27491.215	2171.286	0.520
31	23724.284	2347.193	0.520
32	24491.842	2000.732	0.520
33	21629.323	1738.688	0.520
34	23025.521	1807.011	0.520
35	22506.300	2266.722	0.520
36	23281.665	2119.633	0.520
37	26018.370	2490.493	0.520
38	25037.537	2295.589	0.520
39	27647.201	2916.075	0.520
40	25474.776	2253.948	0.520
41	28257.203	2654.837	0.520
42	28783.009	2714.685	0.520
43	25079.019	2351.467	0.520
44	29828.029	2824.697	0.520
45	30106.040	2965.025	0.520
46	25481.600	2362.978	0.520
47	22780.198	2309.064	0.520
48	22262.731	1831.211	0.520
49	23344.894	2602.321	0.520
1	30030.561	2633.166	0.540
2	28131.150	2713.965	0.540
3	28411.424	2355.756	0.540
4	26306.492	2771.241	0.540
5	26651.686	2382.542	0.540
6	28272.566	3100.708	0.540
7	27311.840	2378.264	0.540
8	28876.574	3153.483	0.540
9	27077.418	2370.083	0.540
10	24987.322	2162.581	0.540
11	26554.709	2133.624	0.540
12	26177.920	2480.083	0.540
13	26420.068	2235.394	0.540
14	27725.882	2288.443	0.540
15	26064.985	2049.617	0.540
16	27763.587	2145.771	0.540
17	23525.509	1945.808	0.540
18	25615.606	2105.478	0.540
19	21950.158	1691.994	0.540
20	23482.008	1689.082	0.540
21	21807.875	1715.824	0.540
22	23400.976	1785.163	0.540
23	24534.378	2326.187	0.540
24	25783.033	2210.159	0.540
25	28302.769	2799.854	0.540
26	26236.772	2105.809	0.540
27	27802.190	2489.625	0.540
28	28597.078	2309.088	0.540
29	26724.784	2222.644	0.540
30	28548.569	2080.816	0.540
31	24636.756	2249.393	0.540
32	25433.836	1917.368	0.540
33	22461.221	1666.243	0.540
34	23911.118	1731.719	0.540
35	23371.927	2172.275	0.540
36	24177.113	2031.315	0.540
37	27019.077	2386.723	0.540
38	26000.519	2199.940	0.540
39	28710.555	2794.572	0.540
40	26454.575	2160.034	0.540
41	29344.018	2544.218	0.540
42	29890.048	2601.573	0.540
43	26043.597	2253.489	0.540
44	30975.261	2707.001	0.540
45	31263.965	2841.482	0.540
46	26461.662	2264.520	0.540
47	23656.360	2212.853	0.540
48	23118.990	1754.910	0.540
49	24242.775	2493.891	0.540
1	31142.804	2518.681	0.560
2	29173.045	2595.966	0.560
3	29463.699	2253.331	0.560
4	27280.807	2650.752	0.560
5	27638.785	2278.954	0.560
6	29319.698	2965.895	0.560
7	28323.390	2274.861	0.560
8	29946.076	3016.375	0.560
9	28080.286	2267.036	0.560
10	25912.778	2068.556	0.560
11	27538.217	2040.858	0.560
12	27147.473	2372.253	0.560
13	27398.589	2138.203	0.560
14	28752.766	2188.946	0.560
15	27030.355	1960.503	0.560
16	28791.868	2052.477	0.560
17	24396.825	1861.208	0.560
18	26564.332	2013.936	0.560
19	22763.127	1618.429	0.560
20	24351.712	1615.644	0.560
21	22615.574	1641.223	0.560
22	24267.678	1707.547	0.560
23	25443.059	2225.049	0.560
24	26737.960	2114.065	0.560
25	29351.020	2678.122	0.560
26	27208.504	2014.252	0.560
27	28831.901	2381.380	0.560
28	29656.229	2208.693	0.560
29	27714.591	2126.008	0.560
30	29605.923	1990.345	0.560
31	25549.229	2151.594	0.560
32	26375.830	1834.005	0.560
33	23293.118	1593.797	0.560
34	24796.715	1656.427	0.560
35	24237.554	2077.828	0.560
36	25072.562	1942.997	0.560
37	28019.783	2282.952	0.560
38	26963.502	2104.290	0.560
39	29773.909	2673.069	0.560
40	27434.374	2066.119	0.560
41	30430.834	2433.600	0.560
42	30997.087	2488.461	0.560
43	27008.174	2155.511	0.560
44	32122.493	2589.306	0.560
45	32421.889	2717.940	0.560
46	27441.723	2166.063	0.560
47	24532.521	2116.642	0.560
48	23975.248	1678.610	0.560
49	25140.655	2385.461	0.560
1	32255.047	2404.195	0.580
2	30214.939	2477.968	0.580
3	30515.974	2150.907	0.580
4	28255.121	2530.264	0.580
5	28625.884	2175.365	0.580
6	30366.830	2831.081	0.580
7	29334.940	2171.458	0.580
8	31015.579	2879.267	0.580
9	29083.153	2163.989	0.580
10	26838.235	1974.531	0.580
11	28521.725	1948.092	0.580
12	28117.025	2264.423	0.580
13	28377.110	2041.012	0.580
14	29779.651	2089.448	0.580
15	27995.724	1871.390	0.580
16	29820.149	1959.182	0.580
17	25268.140	1776.607	0.580
18	27513.058	1922.393	0.580
19	23576.095	1544.864	0.580
20	25221.416	1542.205	0.580
21	23423.273	1566.622	0.580
22	25134.381	1629.931	0.580
23	26351.739	2123.910	0.580
24	27692.887	2017.971	0.580
25	30399.270	2556.389	0.580
26	28180.236	1922.695	0.580
27	29861.612	2273.136	0.580
28	30715.380	2108.298	0.580
29	28704.398	2029.371	0.580
30	30663.278	1899.875	0.580
31	26461.701	2053.794	0.580
32	27317.824	1750.641	0.580
33	24125.015	1521.352	0.580
34	25682.312	1581.134	0.580
35	25103.181	1983.381	0.580
36	25968.010	1854.679	0.580
37	29020.490	2179.182	0.580
38	27926.484	2008.641	0.580
39	30837.263	2551.566	0.580
40	28414.173	1972.205	0.580
41	31517.649	2322.982	0.580
42	32104.126	2375.349	0.580
43	27972.752	2057.533	0.580
44	33269.725	2471.610	0.580
45	33579.814	2594.397	0.580
46	28421.785	2067.606	0.580
47	25408.683	2020.431	0.580
48	24831.507	1602.309	0.580
49	26038.536	2277.031	0.580
1	33367.290	2289.710	0.600
2	31256.833	2359.969	0.600
3	31568.248	2048.483	0.600
4	29229.436	2409.775	0.600
5	29612.984	2071.776	0.600
6	31413.962	2696.268	0.600
7	30346.489	2068.055	0.600
8	32085.082	2742.159	0.600
9	30086.020	2060.942	0.600
10	27763.691	1880.505	0.600
11	29505.233	1855.325	0.600
12	29086.578	2156.594	0.600
13	29355.631	1943.821	0.600
14	30806.535	1989.951	0.600
15	28961.094	1782.276	0.600
16	30848.430	1865.888	0.600
17	26139.455	1692.007	0.600
18	28461.784	1830.851	0.600
19	24389.064	1471.299	0.600
20	26091.120	1468.767	0.600
21	24230.972	1492.021	0.600
22	26001.084	1552.315	0.600
23	27260.420	2022.771	0.600
24	28647.814	1921.878	0.600
25	31447.521	2434.656	0.600
26	29151.969	1831.138	0.600
27	30891.323	2164.891	0.600
28	31774.531	2007.903	0.600
29	29694.205	1932.734	0.600
30	31720.632	1809.405	0.600
31	27374.174	1955.994	0.600
32	28259.818	1667.277	0.600
33	24956.912	1448.907	0.600
34	26567.909	1505.842	0.600
35	25968.808	1888.935	0.600
36	26863.459	1766.361	0.600
37	30021.196	2075.411	0.600
38	28889.466	1912.991	0.600
39	31900.617	2430.063	0.600
40	29393.972	1878.290	0.600
41	32604.465	2212.364	0.600
42	33211.164	2262.237	0.600
43	28937.330	1959.556	0.600
44	34416.957	2353.914	0.600
45	34737.739	2470.854	0.600
46	29401.846	1969.148	0.600
47	26284.844	1924.220	0.600
48	25687.766	1526.009	0.600
49	26936.417	2168.600	0.600
1	34479.533	2175.224	0.620
2	32298.728	2241.971	0.620
3	32620.523	1946.059	0.620
4	30203.750	2289.286	0.620
5	30600.083	1968.187	0.620
6	32461.094	2561.454	0.620
7	31358.039	1964.653	0.620
8	33154.584	2605.051	0.620
9	31088.888	1957.894	0.620
10	28689.147	1786.480	0.620
11	30488.740	1762.559	0.620
12	30056.130	2048.764	0.620
13	30334.152	1846.630	0.620
14	31833.420	1890.453	0.620
15	29926.464	1693.162	0.620
16	31876.711	1772.593	0.620
17	27010.770	1607.407	0.620
18	29410.510	1739.308	0.620
19	25202.033	1397.734	0.620
20	26960.824	1395.329	0.620
21	25038.672	1417.420	0.620
22	26867.787	1474.700	0.620
23	28169.101	1921.633	0.620
24	29602.741	1825.784	0.620
25	32495.772	2312.923	0.620
26	30123.701	1739.581	0.620
27	31921.033	2056.647	0.620
28	32833.682	1907.508	0.620
29	30684.012	1836.097	0.620
30	32777.987	1718.935	0.620
31	28286.646	1858.194	0.620
32	29201.812	1583.913	0.620
33	25788.809	1376.461	0.620
34	27453.506	1430.550	0.620
35	26834.435	1794.488	0.620
36	27758.908	1678.043	0.620
37	31021.903	1971.640	0.620
38	29852.448	1817.342	0.620
39	32963.971	2308.559	0.620
40	30373.771	1784.376	0.620
41	33691.280	2101.746	0.620
42	34318.203	2149.125	0.620
43	29901.907	1861.578	0.620
44	35564.189	2236.219	0.620
45	35895.663	2347.311	0.620
46	30381.908	1870.691	0.620
47	27161.006	1828.009	0.620
48	26544.025	1449.708	0.620
49	27834.297	2060.170	0.620
1	35591.776	2060.739	0.640
2	33340.622	2123.972	0.640
3	33672.798	1843.635	0.640
4	31178.065	2168.797	0.640
5	31587.183	1864.598	0.640
6	33508.226	2426.641	0.640
7	32369.588	1861.250	0.640
8	34224.087	2467.943	0.640
9	32091.755	1854.847	0.640
10	29614.604	1692.455	0.640
11	31472.248	1669.793	0.640
12	31025.683	1940.934	0.640
13	31312.673	1749.438	0.640
14	32860.304	1790.956	0.640
15	30891.834	1604.048	0.640
16	32904.992	1679.299	0.640
17	27882.085	1522.806	0.640
18	30359.236	1647.765	0.640
19	26015.002	1324.169	0.640
20	27830.528	1321.890	0.640
21	25846.371	1342.819	0.640
22	27734.490	1397.084	0.640
23	29077.781	1820.494	0.640
24	30557.669	1729.690	0.640
25	33544.022	2191.190	0.640
26	31095.433	1648.024	0.640
27	32950.744	1948.402	0.640
28	33892.833	1807.113	0.640
29	31673.818	1739.461	0.640
30	33835.341	1628.464	0.640
31	29199.119	1760.395	0.640
32	30143.806	1500.549	0.640
33	26620.706	1304.016	0.640
34	28339.103	1355.258	0.640
35	27700.062	1700.041	0.640
36	28654.356	1589.725	0.640
37	32022.609	1867.870	0.640
38	30815.430	1721.692	0.640
39	34027.325	2187.056	0.640
40	31353.570	1690.461	0.640
41	34778.096	1991.127	0.640
42	35425.242	2036.014	0.640
43	30866.485	1763.600	0.640
44	36711.420	2118.523	0.640
45	37053.588	2223.769	0.640
46	31361.969	1772.233	0.640
47	28037.167	1731.798	0.640
48	27400.284	1373.408	0.640
49	28732.178	1951.740	0.640
1	36704.019	1946.253	0.660
2	34382.517	2005.974	0.660
3	34725.073	1741.211	0.660
4	32152.379	2048.309	0.660
5	32574.282	1761.010	0.660
6	34555.358	2291.828	0.660
7	33381.138	1757.847	0.660
8	35293.590	2330.835	0.660
9	33094.622	1751.800	0.660
10	30540.060	1598.430	0.660
11	32455.756	1577.027	0.660
12	31995.236	1833.105	0.660
13	32291.194	1652.247	0.660
14	33887.189	1691.458	0.660
15	31857.204	1514.934	0.660
16	33933.273	1586.005	0.660
17	28753.400	1438.206	0.660
18	31307.963	1556.223	0.660
19	26827.971	1250.604	0.660
20	28700.232	1248.452	0.660
21	26654.070	1268.218	0.660
22	28601.192	1319.468	0.660
23	29986.462	1719.356	0.660
24	31512.596	1633.596	0.660
25	34592.273	2069.458	0.660
26	32067.165	1556.467	0.660
27	33980.455	1840.158	0.660
28	34951.984	1706.717	0.660
29	32663.625	1642.824	0.660
30	34892.695	1537.994	0.660
31	30111.591	1662.595	0.660
32	31085.799	1417.185	0.660
33	27452.603	1231.571	0.660
34	29224.700	1279.966	0.660
35	28565.689	1605.595	0.660
36	29549.805	1501.407	0.660
37	33023.316	1764.099	0.660
38	31778.413	1626.042	0.660
39	35090.678	2065.553	0.660
40	32333.369	1596.547	0.660
41	35864.911	1880.509	0.660
42	36532.281	1922.902	0.660
43	31831.063	1665.622	0.660
44	37858.652	2000.827	0.660
45	38211.512	2100.226	0.660
46	32342.031	1673.776	0.660
47	28913.329	1635.587	0.660
48	28256.543	1297.108	0.660
49	29630.058	1843.310	0.660
1	37816.262	1831.768	0.680
2	35424.411	1887.975	0.680
3	35777.348	1638.786	0.680
4	33126.694	1927.820	0.680
5	33561.382	1657.421	0.680
6	35602.490	2157.014	0.680
7	34392.688	1654.444	0.680
8	36363.093	2193.727	0.680
9	34097.490	1648.753	0.680
10	31465.516	1504.404	0.680
11	33439.264	1484.260	0.680
12	32964.788	1725.275	0.680
13	33269.715	1555.056	0.680
14	34914.073	1591.961	0.680
15	32822.573	1425.821	0.680
16	34961.554	1492.710	0.680
17	29624.716	1353.606	0.680
18	32256.689	1464.680	0.680
19	27640.939	1177.039	0.680
20	29569.936	1175.014	0.680
21	27461.769	1193.617	0.680
22	29467.895	1241.852	0.680
23	30895.142	1618.217	0.680
24	32467.523	1537.502	0.680
25	35640.524	1947.725	0.680
26	33038.898	1464.910	0.680
27	35010.166	1731.913	0.680
28	36011.135	1606.322	0.680
29	33653.432	1546.187	0.680
30	35950.050	1447.524	0.680
31	31024.064	1564.795	0.680
32	32027.793	1333.821	0.680
33	28284.500	1159.125	0.680
34	30110.297	1204.674	0.680
35	29431.316	1511.148	0.680
36	30445.254	1413.089	0.680
37	34024.022	1660.329	0.680
38	32741.395	1530.393	0.680
39	36154.032	1944.050	0.680
40	33313.168	1502.632	0.680
41	36951.727	1769.891	0.680
42	37639.320	1809.790	0.680
43	32795.640	1567.644	0.680
44	39005.884	1883.131	0.680
45	39369.437	1976.683	0.680
46	33322.093	1575.319	0.680
47	29789.490	1539.376	0.680
48	29112.802	1220.807	0.680
49	30527.939	1734.880	0.680
1	38928.505	1717.282	0.700
2	36466.306	1769.977	0.700
3	36829.623	1536.362	0.700
4	34101.008	1807.331	0.700
5	34548.481	1553.832	0.700
6	36649.622	2022.201	0.700
7	35404.237	1551.042	0.700
8	37432.595	2056.619	0.700
9	35100.357	1545.706	0.700
10	32390.973	1410.379	0.700
11	34422.771	1391.494	0.700
12	33934.341	1617.445	0.700
13	34248.236	1457.865	0.700
14	35940.958	1492.463	0.700
15	33787.943	1336.707	0.700
16	35989.835	1399.416	0.700
17	30496.031	1269.005	0.700
18	33205.415	1373.138	0.700
19	28453.908	1103.474	0.700
20	30439.640	1101.575	0.700
21	28269.468	1119.016	0.700
22	30334.598	1164.237	0.700
23	31803.823	1517.079	0.700
24	33422.450	1441.408	0.700
25	36688.775	1825.992	0.700
26	34010.630	1373.353	0.700
27	36039.876	1623.668	0.700
28	37070.286	1505.927	0.700
29	34643.239	1449.551	0.700
30	37007.404	1357.054	0.700
31	31936.536	1466.996	0.700
32	32969.787	1250.458	0.700
33	29116.397	1086.680	0.700
34	30995.894	1129.382	0.700
35	30296.942	1416.701	0.700
36	31340.702	1324.771	0.700
37	35024.729	1556.558	0.700
38	33704.377	1434.743	0.700
39	37217.386	1822.547	0.700
40	34292.967	1408.718	0.700
41	38038.542	1659.273	0.700
42	38746.359	1696.678	0.700
43	33760.218	1469.667	0.700
44	40153.116	1765.436	0.700
45	40527.362	1853.141	0.700
46	34302.154	1476.861	0.700
47	30665.652	1443.165	0.700
48	29969.061	1144.507	0.700
49	31425.819	1626.450	0.700
1	40040.748	1602.797	0.720
2	37508.200	1651.978	0.720
3	37881.898	1433.938	0.720
4	35075.323	1686.842	0.720
5	35535.581	1450.243	0.720
6	37696.754	1887.387	0.720
7	36415.787	1447.639	0.720
8	38502.098	1919.511	0.720
9	36103.224	1442.659	0.720
10	33316.429	1316.354	0.720
11	35406.279	1298.728	0.720
12	34903.893	1509.616	0.720
13	35226.757	1360.674	0.720
14	36967.842	1392.965	0.720
15	34753.313	1247.593	0.720
16	37018.116	1306.121	0.720
17	31367.346	1184.405	0.720
18	34154.141	1281.595	0.720
19	29266.877	1029.909	0.720
20	31309.344	1028.137	0.720
21	29077.167	1044.415	0.720
22	31201.301	1086.621	0.720
23	32712.504	1415.940	0.720
24	34377.377	1345.314	0.720
25	37737.025	1704.259	0.720
26	34982.362	1281.797	0.720
27	37069.587	1515.424	0.720
28	38129.437	1405.532	0.720
29	35633.046	1352.914	0.720
30	38064.759	1266.583	0.720
31	32849.009	1369.196	0.720
32	33911.781	1167.094	0.720
33	29948.294	1014.235	0.720
34	31881.491	1054.090	0.720
35	31162.569	1322.254	0.720
36	32236.151	1236.453	0.720
37	36025.435	1452.788	0.720
38	34667.359	1339.094	0.720
39	38280.740	1701.044	0.720
40	35272.766	1314.803	0.720
41	39125.358	1548.655	0.720
42	39853.397	1583.566	0.720
43	34724.796	1371.689	0.720
44	41300.348	1647.740	0.720
45	41685.286	1729.598	0.720
46	35282.216	1378.404	0.720
47	31541.813	1346.954	0.720
48	30825.319	1068.206	0.720
49	32323.700	1518.020	0.720
1	41152.991	1488.311	0.740
2	38550.095	1533.980	0.740
3	38934.173	1331.514	0.740
4	36049.637	1566.354	0.740
5	36522.680	1346.654	0.740
6	38743.886	1752.574	0.740
7	37427.337	1344.236	0.740
8	39571.601	1782.403	0.740
9	37106.092	1339.612	0.740
10	34241.886	1222.329	0.740
11	36389.787	1205.961	0.740
12	35873.446	1401.786	0.740
13	36205.278	1263.483	0.740
14	37994.727	1293.468	0.740
15	35718.683	1158.479	0.740
16	38046.397	1212.827	0.740
17	32238.661	1099.805	0.740
18	35102.867	1190.053	0.740
19	30079.846	956.344	0.740
20	32179.048	954.699	0.740
21	29884.866	969.814	0.740
22	32068.004	1009.005	0.740
23	33621.184	1314.801	0.740
24	35332.304	1249.220	0.740
25	38785.276	1582.526	0.740
26	35954.094	1190.240	0.740
27	38099.298	1407.179	0.740
28	39188.588	1305.137	0.740
29	36622.853	1256.277	0.740
30	39122.113	1176.113	0.740
31	33761.481	1271.396	0.740
32	34853.775	1083.730	0.740
33	30780.191	941.789	0.740
34	32767.088	978.797	0.740
35	32028.196	1227.808	0.740
36	33131.600	1148.135	0.740
37	37026.142	1349.017	0.740
38	35630.341	1243.444	0.740
39	39344.094	1579.541	0.740
40	36252.565	1220.889	0.740
41	40212.173	1438.036	0.740
42	40960.436	1470.454	0.740
43	35689.373	1273.711	0.740
44	42447.580	1530.044	0.740
45	42843.211	1606.055	0.740
46	36262.277	1279.946	0.740
47	32417.975	1250.743	0.740
48	31681.578	991.906	0.740
49	33221.580	1409.590	0.740
1	42265.234	1373.826	0.760
2	39591.989	1415.982	0.760
3	39986.448	1229.090	0.760
4	37023.952	1445.865	0.760
5	37509.780	1243.066	0.760
6	39791.018	1617.761	0.760
7	38438.886	1240.833	0.760
8	40641.104	1645.296	0.760
9	38108.959	1236.565	0.760
10	35167.342	1128.303	0.760
11	37373.295	1113.195	0.760
12	36842.999	1293.956	0.760
13	37183.799	1166.292	0.760
14	39021.611	1193.970	0.760
15	36684.053	1069.366	0.760
16	39074.678	1119.533	0.760
17	33109.976	1015.204	0.760
18	36051.593	1098.510	0.760
19	30892.815	882.779	0.760
20	33048.752	881.260	0.760
21	30692.565	895.213	0.760
22	32934.706	931.389	0.760
23	34529.865	1213.663	0.760
24	36287.231	1153.127	0.760
25	39833.527	1460.794	0.760
26	36925.827	1098.683	0.760
27	39129.009	1298.935	0.760
28	40247.739	1204.742	0.760
29	37612.659	1159.640	0.760
30	40179.467	1085.643	0.760
31	34673.954	1173.597	0.760
32	35795.769	1000.366	0.760
33	31612.088	869.344	0.760
34	33652.685	903.505	0.760
35	32893.823	1133.361	0.760
36	34027.048	1059.817	0.760
37	38026.848	1245.247	0.760
38	36593.324	1147.795	0.760
39	40407.448	1458.038	0.760
40	37232.365	1126.974	0.760
41	41298.989	1327.418	0.760
42	42067.475	1357.342	0.760
43	36653.951	1175.733	0.760
44	43594.812	1412.349	0.760
45	44001.136	1482.513	0.760
46	37242.339	1181.489	0.760
47	33294.136	1154.532	0.760
48	32537.837	915.605	0.760
49	34119.461	1301.160	0.760
1	43377.477	1259.340	0.780
2	40633.883	1297.983	0.780
3	41038.723	1126.666	0.780
4	37998.266	1325.376	0.780
5	38496.879	1139.477	0.780
6	40838.151	1482.947	0.780
7	39450.436	1137.431	0.780
8	41710.606	1508.188	0.780
9	39111.826	1133.518	0.780
10	36092.798	1034.278	0.780
11	38356.802	1020.429	0.780
12	37812.551	1186.127	0.780
13	38162.320	1069.101	0.780
14	40048.496	1094.473	0.780
15	37649.422	980.252	0.780
16	40102.959	1026.238	0.780
17	33981.291	930.604	0.780
18	37000.319	1006.968	0.780
19	31705.783	809.214	0.780
20	33918.456	807.822	0.780
21	31500.264	820.612	0.780
22	33801.409	853.773	0.780
23	35438.546	1112.524	0.780
24	37242.159	1057.033	0.780
25	40881.777	1339.061	0.780
26	37897.559	1007.126	0.780
27	40158.719	1190.690	0.780
28	41306.890	1104.347	0.780
29	38602.466	1063.004	0.780
30	41236.822	995.173	0.780
31	35586.426	1075.797	0.780
32	36737.763	917.002	0.780
33	32443.985	796.899	0.780
34	34538.282	828.213	0.780
35	33759.450	1038.914	0.780
36	34922.497	971.499	0.780
37	39027.555	1141.476	0.780
38	37556.306	1052.145	0.780
39	41470.802	1336.534	0.780
40	38212.164	1033.060	0.780
41	42385.804	1216.800	0.780
42	43174.514	1244.231	0.780
43	37618.529	1077.756	0.780
44	44742.044	1294.653	0.780
45	45159.060	1358.970	0.780
46	38222.400	1083.032	0.780
47	34170.298	1058.321	0.780
48	33394.096	839.305	0.780
49	35017.342	1192.730	0.780
1	44489.720	1144.855	0.800
2	41675.778	1179.985	0.800
3	42090.998	1024.242	0.800
4	38972.581	1204.887	0.800
5	39483.979	1035.888	0.800
6	41885.283	1348.134	0.800
7	40461.986	1034.028	0.800
8	42780.109	1371.080	0.800
9	40114.694	1030.471	0.800
10	37018.255	940.253	0.800
11	39340.310	927.663	0.800
12	38782.104	1078.297	0.800
13	39140.841	971.910	0.800
14	41075.380	994.975	0.800
15	38614.792	891.138	0.800
16	41131.240	932.944	0.800
17	34852.606	846.004	0.800
18	37949.045	915.425	0.800
19	32518.752	735.650	0.800
20	34788.160	734.383	0.800
21	32307.963	746.010	0.800
22	34668.112	776.158	0.800
23	36347.226	1011.386	0.800
24	38197.086	960.939	0.800
25	41930.028	1217.328	0.800
26	38869.291	915.569	0.800
27	41188.430	1082.446	0.800
28	42366.041	1003.951	0.800
29	39592.273	966.367	0.800
30	42294.176	904.702	0.800
31	36498.898	977.997	0.800
32	37679.757	833.638	0.800
33	33275.882	724.453	0.800
34	35423.879	752.921	0.800
35	34625.077	944.467	0.800
36	35817.945	883.181	0.800
37	40028.262	1037.706	0.800
38	38519.288	956.496	0.800
39	42534.156	1215.031	0.800
40	39191.963	939.145	0.800
41	43472.620	1106.182	0.800
42	44281.553	1131.119	0.800
43	38583.106	979.778	0.800
44	45889.276	1176.957	0.800
45	46316.985	1235.427	0.800
46	39202.462	984.574	0.800
47	35046.459	962.110	0.800
48	34250.355	763.004	0.800
49	35915.222	1084.300	0.800
1	45601.963	1030.369	0.820
2	42717.672	1061.986	0.820
3	43143.273	921.817	0.820
4	39946.895	1084.399	0.820
5	40471.078	932.299	0.820
6	42932.415	1213.320	0.820
7	41473.535	930.625	0.820
8	43849.612	1233.972	0.820
9	41117.561	927.424	0.820
10	37943.711	846.227	0.820
11	40323.818	834.896	0.820
12	39751.656	970.467	0.820
13	40119.362	874.719	0.820
14	42102.265	895.478	0.820
15	39580.162	802.024	0.820
16	42159.521	839.649	0.820
17	35723.922	761.403	0.820
18	38897.772	823.883	0.820
19	33331.721	662.085	0.820
20	35657.864	660.945	0.820
21	33115.662	671.409	0.820
22	35534.815	698.542	0.820
23	37255.907	910.247	0.820
24	39152.013	864.845	0.820
25	42978.279	1095.595	0.820
26	39841.024	824.012	0.820
27	42218.141	974.201	0.820
28	43425.192	903.556	0.820
29	40582.080	869.730	0.820
30	43351.531	814.232	0.820
31	37411.371	880.197	0.820
32	38621.751	750.275	0.820
33	34107.779	652.008	0.820
34	36309.476	677.629	0.820
35	35490.704	850.021	0.820
36	36713.394	794.863	0.820
37	41028.968	933.935	0.820
38	39482.270	860.846	0.820
39	43597.510	1093.528	0.820
40	40171.762	845.231	0.820
41	44559.435	995.564	0.820
42	45388.591	1018.007	0.820
43	39547.684	881.800	0.820
44	47036.507	1059.261	0.820
45	47474.909	1111.884	0.820
46	40182.523	886.117	0.820
47	35922.621	865.899	0.820
48	35106.614	686.704	0.820
49	36813.103	975.870	0.820
1	46714.206	915.884	0.840
2	43759.567	943.988	0.840
3	44195.548	819.393	0.840
4	40921.210	963.910	0.840
5	41458.177	828.710	0.840
6	43979.547	1078.507	0.840
7	42485.085	827.222	0.840
8	44919.114	1096.864	0.840
9	42120.428	824.377	0.840
10	38869.167	752.202	0.840
11	41307.326	742.130	0.840
12	40721.209	862.638	0.840
13	41097.883	777.528	0.840
14	43129.149	795.980	0.840
15	40545.532	712.910	0.840
16	43187.802	746.355	0.840
17	36595.237	676.803	0.840
18	39846.498	732.340	0.840
19	34144.690	588.520	0.840
20	36527.568	587.507	0.840
21	33923.361	596.808	0.840
22	36401.518	620.926	0.840
23	38164.588	809.109	0.840
24	40106.940	768.751	0.840
25	44026.530	973.862	0.840
26	40812.756	732.455	0.840
27	43247.852	865.956	0.840
28	44484.343	803.161	0.840
29	41571.887	773.094	0.840
30	44408.885	723.762	0.840
31	38323.843	782.398	0.840
32	39563.745	666.911	0.840
33	34939.676	579.563	0.840
34	37195.073	602.337	0.840
35	36356.331	755.574	0.840
36	37608.843	706.544	0.840
37	42029.675	830.164	0.840
38	40445.252	765.196	0.840
39	44660.863	972.025	0.840
40	41151.561	751.316	0.840
41	45646.251	884.946	0.840
42	46495.630	904.895	0.840
43	40512.262	783.822	0.840
44	48183.739	941.566	0.840
45	48632.834	988.342	0.840
46	41162.585	787.659	0.840
47	36798.782	769.688	0.840
48	35962.873	610.404	0.840
49	37710.983	867.440	0.840
1	47826.449	801.398	0.860
2	44801.461	825.989	0.860
3	45247.823	716.969	0.860
4	41895.524	843.421	0.860
5	42445.277	725.122	0.860
6	45026.679	943.694	0.860
7	43496.635	723.819	0.860
8	45988.617	959.756	0.860
9	43123.296	721.330	0.860
10	39794.624	658.177	0.860
11	42290.834	649.364	0.860
12	41690.762	754.808	0.860
13	42076.404	680.337	0.860
14	44156.034	696.483	0.860
15	41510.902	623.797	0.860
16	44216.083	653.061	0.860
17	37466.552	592.202	0.860
18	40795.224	640.798	0.860
19	34957.659	514.955	0.860
20	37397.272	514.068	0.860
21	34731.060	522.207	0.860
22	37268.220	543.310	0.860
23	39073.268	707.970	0.860
24	41061.867	672.657	0.860
25	45074.780	852.130	0.860
26	41784.488	640.898	0.860
27	44277.562	757.712	0.860
28	45543.494	702.766	0.860
29	42561.694	676.457	0.860
30	45466.240	633.292	0.860
31	39236.316	684.598	0.860
32	40505.739	583.547	0.860
33	35771.573	507.117	0.860
34	38080.670	527.045	0.860
35	37221.958	661.127	0.860
36	38504.291	618.226	0.860
37	43030.381	726.394	0.860
38	41408.235	669.547	0.860
39	45724.217	850.522	0.860
40	42131.360	657.402	0.860
41	46733.066	774.327	0.860
42	47602.669	791.783	0.860
43	41476.839	685.844	0.860
44	49330.971	823.870	0.860
45	49790.759	864.799	0.860
46	42142.646	689.202	0.860
47	37674.944	673.477	0.860
48	36819.131	534.103	0.860
49	38608.864	759.010	0.860
1	48938.692	686.913	0.880
2	45843.356	707.991	0.880
3	46300.098	614.545	0.880
4	42869.839	722.932	0.880
5	43432.376	621.533	0.880
6	46073.811	808.880	0.880
7	44508.184	620.417	0.880
8	47058.120	822.648	0.880
9	44126.163	618.282	0.880
10	40720.080	564.152	0.880
11	43274.341	556.598	0.880
12	42660.314	646.978	0.880
13	43054.925	583.146	0.880
14	45182.918	596.985	0.880
15	42476.272	534.683	0.880
16	45244.364	559.766	0.880
17	38337.867	507.602	0.880
18	41743.950	549.255	0.880
19	35770.627	441.390	0.880
20	38266.976	440.630	0.880
21	35538.760	447.606	0.880
22	38134.923	465.695	0.880
23	39981.949	606.831	0.880
24	42016.794	576.563	0.880
25	46123.031	730.397	0.880
26	42756.220	549.341	0.880
27	45307.273	649.467	0.880
28	46602.645	602.371	0.880
29	43551.500	579.820	0.880
30	46523.594	542.821	0.880
31	40148.788	586.798	0.880
32	41447.733	500.183	0.880
33	36603.470	434.672	0.880
34	38966.267	451.753	0.880
35	38087.585	566.680	0.880
36	39399.740	529.908	0.880
37	44031.088	622.623	0.880
38	42371.217	573.897	0.880
39	46787.571	729.019	0.880
40	43111.159	563.487	0.880
41	47819.882	663.709	0.880
42	48709.708	678.671	0.880
43	42441.417	587.867	0.880
44	50478.203	706.174	0.880
45	50948.683	741.256	0.880
46	43122.708	590.744	0.880
47	38551.105	577.266	0.880
48	37675.390	457.803	0.880
49	39506.744	650.580	0.880
1	50050.935	572.427	0.900
2	46885.250	589.992	0.900
3	47352.373	512.121	0.900
4	43844.154	602.444	0.900
5	44419.476	517.944	0.900
6	47120.943	674.067	0.900
7	45519.734	517.014	0.900
8	48127.623	685.540	0.900
9	45129.030	515.235	0.900
10	41645.536	470.126	0.900
11	44257.849	463.831	0.900
12	43629.867	539.148	0.900
13	44033.446	485.955	0.900
14	46209.803	497.488	0.900
15	43441.641	445.569	0.900
16	46272.645	466.472	0.900
17	39209.182	423.002	0.900
18	42692.676	457.713	0.900
19	36583.596	367.825	0.900
20	39136.680	367.192	0.900
21	36346.459	373.005	0.900
22	39001.626	388.079	0.900
23	40890.630	505.693	0.900
24	42971.722	480.469	0.900
25	47171.282	608.664	0.900
26	43727.953	457.784	0.900
27	46336.984	541.223	0.900
28	47661.796	501.976	0.900
29	44541.307	483.184	0.900
30	47580.948	452.351	0.900
31	41061.261	488.999	0.900
32	42389.727	416.819	0.900
33	37435.368	362.227	0.900
34	39851.863	376.461	0.900
35	38953.212	472.234	0.900
36	40295.189	441.590	0.900
37	45031.794	518.853	0.900
38	43334.199	478.248	0.900
39	47850.925	607.516	0.900
40	44090.958	469.573	0.900
41	48906.697	553.091	0.900
42	49816.747	565.559	0.900
43	43405.995	489.889	0.900
44	51625.435	588.479	0.900
45	52106.608	617.714	0.900
46	44102.770	492.287	0.900
47	39427.267	481.055	0.900
48	38531.649	381.502	0.900
49	40404.625	542.150	0.900
1	51163.178	457.942	0.920
2	47927.145	471.994	0.920
3	48404.648	409.697	0.920
4	44818.468	481.955	0.920
5	45406.575	414.355	0.920
6	48168.075	539.254	0.920
7	46531.283	413.611	0.920
8	49197.125	548.432	0.920
9	46131.898	412.188	0.920
10	42570.993	376.101	0.920
11	45241.357	371.065	0.920
12	44599.419	431.319	0.920
13	45011.967	388.764	0.920
14	47236.687	397.990	0.920
15	44407.011	356.455	0.920
16	47300.926	373.178	0.920
17	40080.497	338.401	0.920
18	43641.402	366.170	0.920
19	37396.565	294.260	0.920
20	40006.384	293.753	0.920
21	37154.158	298.404	0.920
22	39868.329	310.463	0.920
23	41799.310	404.554	0.920
24	43926.649	384.376	0.920
25	48219.532	486.931	0.920
26	44699.685	366.228	0.920
27	47366.695	432.978	0.920
28	48720.947	401.581	0.920
29	45531.114	386.547	0.920
30	48638.303	361.881	0.920
31	41973.733	391.199	0.920
32	43331.720	333.455	0.920
33	38267.265	289.781	0.920
34	40737.460	301.168	0.920
35	39818.839	377.787	0.920
36	41190.637	353.272	0.920
37	46032.501	415.082	0.920
38	44297.181	382.598	0.920
39	48914.279	486.013	0.920
40	45070.757	375.658	0.920
41	49993.513	442.473	0.920
42	50923.786	452.447	0.920
43	44370.572	391.911	0.920
44	52772.667	470.783	0.920
45	53264.532	494.171	0.920
46	45082.831	393.830	0.920
47	40303.428	384.844	0.920
48	39387.908	305.202	0.920
49	41302.505	433.720	0.920
1	52275.421	343.456	0.940
2	48969.039	353.995	0.940
3	49456.923	307.272	0.940
4	45792.783	361.466	0.940
5	46393.675	310.766	0.940
6	49215.207	404.440	0.940
7	47542.833	310.208	0.940
8	50266.628	411.324	0.940
9	47134.765	309.141	0.940
10	43496.449	282.076	0.940
11	46224.865	278.299	0.940
12	45568.972	323.489	0.940
13	45990.488	291.573	0.940
14	48263.572	298.493	0.940
15	45372.381	267.341	0.940
16	48329.207	279.883	0.940
17	40951.813	253.801	0.940
18	44590.128	274.628	0.940
19	38209.534	220.695	0.940
20	40876.088	220.315	0.940
21	37961.857	223.803	0.940
22	40735.032	232.847	0.940
23	42707.991	303.416	0.940
24	44881.576	288.282	0.940
25	49267.783	365.198	0.940
26	45671.417	274.671	0.940
27	48396.405	324.734	0.940
28	49780.098	301.185	0.940
29	46520.921	289.910	0.940
30	49695.657	271.411	0.940
31	42886.206	293.399	0.940
32	44273.714	250.092	0.940
33	39099.162	217.336	0.940
34	41623.057	225.876	0.940
35	40684.466	283.340	0.940
36	42086.086	264.954	0.940
37	47033.207	311.312	0.940
38	45260.163	286.949	0.940
39	49977.633	364.509	0.940
40	46050.556	281.744	0.940
41	51080.328	331.855	0.940
42	52030.824	339.336	0.940
43	45335.150	293.933	0.940
44	53919.899	353.087	0.940
45	54422.457	370.628	0.940
46	46062.893	295.372	0.940
47	41179.590	288.633	0.940
48	40244.167	228.901	0.940
49	42200.386	325.290	0.940
1	53387.664	228.971	0.960
2	50010.933	235.997	0.960
3	50509.198	204.848	0.960
4	46767.097	240.977	0.960
5	47380.774	207.178	0.960
6	50262.339	269.627	0.960
7	48554.383	206.806	0.960
8	51336.131	274.216	0.960
9	48137.632	206.094	0.960
10	44421.906	188.051	0.960
11	47208.372	185.533	0.960
12	46538.525	215.659	0.960
13	46969.009	194.382	0.960
14	49290.456	198.995	0.960
15	46337.751	178.228	0.960
16	49357.488	186.589	0.960
17	41823.128	169.201	0.960
18	45538.855	183.085	0.960
19	39022.503	147.130	0.960
20	41745.792	146.877	0.960
21	38769.556	149.202	0.960
22	41601.734	155.232	0.960
23	43616.672	202.277	0.960
24	45836.503	192.188	0.960
25	50316.034	243.466	0.960
26	46643.150	183.114	0.960
27	49426.116	216.489	0.960
28	50839.249	200.790	0.960
29	47510.728	193.273	0.960
30	50753.012	180.940	0.960
31	43798.678	195.599	0.960
32	45215.708	166.728	0.960
33	39931.059	144.891	0.960
34	42508.654	150.584	0.960
35	41550.092	188.893	0.960
36	42981.535	176.636	0.960
37	48033.914	207.541	0.960
38	46223.146	191.299	0.960
39	51040.987	243.006	0.960
40	47030.355	187.829	0.960
41	52167.144	221.236	0.960
42	53137.863	226.224	0.960
43	46299.728	195.956	0.960
44	55067.131	235.391	0.960
45	55580.382	247.085	0.960
46	47042.954	196.915	0.960
47	42055.751	192.422	0.960
48	41100.426	152.601	0.960
49	43098.267	216.860	0.960
1	54499.907	114.485	0.980
2	51052.828	117.998	0.980
3	51561.473	102.424	0.980
4	47741.412	120.489	0.980
5	48367.874	103.589	0.980
6	51309.471	134.813	0.980
7	49565.932	103.403	0.980
8	52405.633	137.108	0.980
9	49140.500	103.047	0.980
10	45347.362	94.025	0.980
11	48191.880	92.766	0.980
12	47508.077	107.830	0.980
13	47947.530	97.191	0.980
14	50317.341	99.498	0.980
15	47303.121	89.114	0.980
16	50385.769	93.294	0.980
17	42694.443	84.600	0.980
18	46487.581	91.543	0.980
19	39835.471	73.565	0.980
20	42615.496	73.438	0.980
21	39577.255	74.601	0.980
22	42468.437	77.616	0.980
23	44525.352	101.139	0.980
24	46791.430	96.094	0.980
25	51364.284	121.733	0.980
26	47614.882	91.557	0.980
27	50455.827	108.245	0.980
28	51898.400	100.395	0.980
29	48500.535	96.637	0.980
30	51810.366	90.470	0.980
31	44711.151	97.800	0.980
32	46157.702	83.364	0.980
33	40762.956	72.445	0.980
34	43394.251	75.292	0.980
35	42415.719	94.447	0.980
36	43876.983	88.318	0.980
37	49034.620	103.771	0.980
38	47186.128	95.650	0.980
39	52104.341	121.503	0.980
40	48010.154	93.915	0.980
41	53253.959	110.618	0.980
42	54244.902	113.112	0.980
43	47264.305	97.978	0.980
44	56214.363	117.696	0.980
45	56738.306	123.543	0.980
46	48023.016	98.457	0.980
47	42931.913	96.211	0.980
48	41956.685	76.300	0.980
49	43996.147	108.430	0.980
1	55612.150	-0.000	1.000
2	52094.722	-0.000	1.000
3	52613.747	-0.000	1.000
4	48715.726	-0.000	1.000
5	49354.973	-0.000	1.000
6	52356.603	-0.000	1.000
7	50577.482	-0.000	1.000
8	53475.136	-0.000	1.000
9	50143.367	-0.000	1.000
10	46272.818	-0.000	1.000
11	49175.388	-0.000	1.000
12	48477.630	-0.000	1.000
13	48926.051	-0.000	1.000
14	51344.225	-0.000	1.000
15	48268.490	-0.000	1.000
16	51414.049	-0.000	1.000
17	43565.758	-0.000	1.000
18	47436.307	-0.000	1.000
19	40648.440	-0.000	1.000
20	43485.200	-0.000	1.000
21	40384.954	-0.000	1.000
22	43335.140	-0.000	1.000
23	45434.033	-0.000	1.000
24	47746.357	-0.000	1.000
25	52412.535	-0.000	1.000
26	48586.614	-0.000	1.000
27	51485.538	-0.000	1.000
28	52957.551	-0.000	1.000
29	49490.341	-0.000	1.000
30	52867.720	-0.000	1.000
31	45623.623	-0.000	1.000
32	47099.696	-0.000	1.000
33	41594.853	-0.000	1.000
34	44279.848	-0.000	1.000
35	43281.346	-0.000	1.000
36	44772.432	-0.000	1.000
37	50035.327	-0.000	1.000
38	48149.110	-0.000	1.000
39	53167.695	-0.000	1.000
40	48989.953	-0.000	1.000
41	54340.775	-0.000	1.000
42	55351.941	-0.000	1.000
43	48228.883	-0.000	1.000
44	57361.594	-0.000	1.000
45	57896.231	-0.000	1.000
46	49003.077	-0.000	1.000
47	43808.074	-0.000	1.000
48	42812.944	-0.000	1.000
49	44894.028	-0.000	1.000
