Iteration	expected_value	risk	lambda
1	0.000	2305.565	0.000
2	0.000	2217.749	0.000
3	0.000	2699.049	0.000
4	0.000	2024.136	0.000
5	0.000	2457.833	0.000
6	0.000	2495.666	0.000
7	0.000	2898.577	0.000
8	0.000	2339.111	0.000
9	0.000	2322.278	0.000
10	0.000	2692.382	0.000
11	0.000	2488.153	0.000
12	0.000	3782.323	0.000
13	0.000	3301.895	0.000
14	0.000	2260.077	0.000
15	0.000	2366.689	0.000
16	0.000	3366.773	0.000
17	0.000	2981.639	0.000
18	0.000	3162.276	0.000
19	0.000	3162.276	0.000
20	0.000	3439.350	0.000
21	0.000	2218.808	0.000
22	0.000	2031.843	0.000
23	0.000	2245.419	0.000
24	0.000	2199.930	0.000
25	0.000	2598.270	0.000
26	0.000	3101.189	0.000
27	0.000	2828.111	0.000
28	0.000	2342.873	0.000
29	0.000	2342.873	0.000
30	0.000	3462.770	0.000
31	0.000	3719.530	0.000
32	0.000	4150.831	0.000
33	0.000	3814.104	0.000
34	0.000	2279.998	0.000
35	0.000	3238.396	0.000
36	0.000	2498.680	0.000
37	0.000	2605.309	0.000
38	0.000	3751.338	0.000
39	0.000	3083.804	0.000
40	0.000	3083.804	0.000
41	0.000	3083.804	0.000
42	0.000	3083.804	0.000
43	0.000	2403.147	0.000
44	0.000	2936.105	0.000
45	0.000	2717.971	0.000
46	0.000	3782.116	0.000
47	0.000	3421.530	0.000
48	0.000	3421.530	0.000
49	0.000	3421.530	0.000
1	411.110	2259.454	0.020
2	399.644	2184.356	0.020
3	422.494	2528.282	0.020
4	447.774	3370.563	0.020
5	395.749	1983.654	0.020
6	391.583	2196.850	0.020
7	448.966	3417.379	0.020
8	580.153	3527.117	0.020
9	432.806	2922.006	0.020
10	462.937	2725.762	0.020
11	490.024	3022.912	0.020
12	430.571	2072.538	0.020
13	421.470	2200.511	0.020
14	482.620	2486.884	0.020
15	409.860	2128.071	0.020
16	407.664	2285.172	0.020
17	440.061	2213.296	0.020
18	442.937	2296.016	0.020
19	470.301	2322.543	0.020
20	446.882	2086.207	0.020
21	453.310	2022.141	0.020
22	447.211	2264.210	0.020
23	468.932	2306.857	0.020
24	481.736	2205.697	0.020
25	475.007	2201.872	0.020
26	475.007	2201.872	0.020
27	512.779	2350.306	0.020
28	501.025	2353.448	0.020
29	502.230	2443.915	0.020
30	502.230	2443.915	0.020
31	488.582	2137.074	0.020
32	488.582	2137.074	0.020
33	475.921	2260.842	0.020
34	509.861	2407.184	0.020
35	474.588	2275.154	0.020
36	474.588	2275.154	0.020
37	505.983	2156.977	0.020
38	541.050	2334.243	0.020
39	506.339	2165.527	0.020
40	506.339	2165.527	0.020
41	506.339	2165.527	0.020
42	506.339	2165.527	0.020
43	506.339	2165.527	0.020
44	506.339	2165.527	0.020
45	506.339	2165.527	0.020
46	506.339	2165.527	0.020
47	506.339	2165.527	0.020
48	506.339	2165.527	0.020
49	524.294	2479.489	0.020
1	822.220	2213.342	0.040
2	799.288	2139.777	0.040
3	844.989	2476.684	0.040
4	895.548	3301.776	0.040
5	791.498	1943.171	0.040
6	783.165	2152.016	0.040
7	1057.698	3452.411	0.040
8	959.570	2701.526	0.040
9	1082.130	3413.676	0.040
10	1001.626	3296.843	0.040
11	862.043	2059.945	0.040
12	861.141	2030.241	0.040
13	823.877	2100.953	0.040
14	842.940	2155.602	0.040
15	1056.179	2766.373	0.040
16	907.734	2401.658	0.040
17	903.797	2398.732	0.040
18	912.180	2750.812	0.040
19	846.511	2139.211	0.040
20	920.559	2537.439	0.040
21	920.559	2537.439	0.040
22	920.007	2494.339	0.040
23	1007.552	2782.634	0.040
24	1007.552	2782.634	0.040
25	1111.607	3165.434	0.040
26	861.240	1989.119	0.040
27	1047.492	3242.679	0.040
28	1072.251	3156.025	0.040
29	1072.251	3156.025	0.040
30	1072.251	3156.025	0.040
31	863.648	2121.990	0.040
32	863.648	2121.990	0.040
33	903.904	2584.687	0.040
34	935.865	2273.831	0.040
35	935.865	2273.831	0.040
36	885.873	2249.159	0.040
37	885.873	2249.159	0.040
38	885.873	2249.159	0.040
39	885.873	2249.159	0.040
40	885.873	2249.159	0.040
41	928.980	3076.738	0.040
42	928.980	3076.738	0.040
43	928.980	3076.738	0.040
44	928.980	3076.738	0.040
45	928.980	3076.738	0.040
46	928.980	3076.738	0.040
47	928.980	3076.738	0.040
48	928.980	3076.738	0.040
49	928.980	3076.738	0.040
1	1233.330	2167.231	0.060
2	1198.932	2095.199	0.060
3	1267.483	2425.086	0.060
4	1343.322	3232.989	0.060
5	1187.247	1902.688	0.060
6	1174.748	2107.183	0.060
7	1586.547	3380.486	0.060
8	1439.356	2645.244	0.060
9	1623.195	3342.558	0.060
10	1502.438	3228.159	0.060
11	1293.065	2017.029	0.060
12	1291.712	1987.944	0.060
13	1235.815	2057.183	0.060
14	1264.410	2110.694	0.060
15	1584.268	2708.740	0.060
16	1361.601	2351.624	0.060
17	1355.696	2348.759	0.060
18	1368.270	2693.503	0.060
19	1269.767	2094.644	0.060
20	1380.839	2484.576	0.060
21	1380.839	2484.576	0.060
22	1380.010	2442.374	0.060
23	1511.328	2724.663	0.060
24	1511.328	2724.663	0.060
25	1667.411	3099.488	0.060
26	1291.860	1947.679	0.060
27	1571.239	3175.123	0.060
28	1364.053	3484.269	0.060
29	1243.724	2072.203	0.060
30	1617.146	2848.666	0.060
31	1328.810	2202.301	0.060
32	1403.798	2226.460	0.060
33	1344.506	2164.202	0.060
34	1332.231	2212.739	0.060
35	1417.893	2669.036	0.060
36	1446.849	2426.134	0.060
37	1673.780	3496.358	0.060
38	1562.632	3044.092	0.060
39	1447.987	2554.892	0.060
40	1446.672	2395.448	0.060
41	1341.634	2171.793	0.060
42	1406.797	2212.700	0.060
43	1307.802	1923.313	0.060
44	1332.210	1970.744	0.060
45	1325.082	1990.767	0.060
46	1440.633	2502.851	0.060
47	1438.028	2023.818	0.060
48	1420.175	2229.518	0.060
49	1420.175	2229.518	0.060
1	1568.972	2191.349	0.080
2	1598.576	2050.620	0.080
3	1689.977	2373.489	0.080
4	2163.303	3003.027	0.080
5	1582.995	1862.206	0.080
6	1566.330	2062.349	0.080
7	2115.396	3308.561	0.080
8	1919.141	2588.963	0.080
9	2164.261	3271.440	0.080
10	2003.251	3159.475	0.080
11	1724.087	1974.114	0.080
12	1722.283	1945.648	0.080
13	1647.754	2013.413	0.080
14	1685.880	2065.785	0.080
15	2112.357	2651.107	0.080
16	1815.468	2301.589	0.080
17	1807.594	2298.785	0.080
18	1824.360	2636.195	0.080
19	1693.023	2050.077	0.080
20	1841.118	2431.712	0.080
21	1841.118	2431.712	0.080
22	1840.014	2390.409	0.080
23	1658.299	2028.114	0.080
24	2058.985	2650.468	0.080
25	2156.195	2788.056	0.080
26	2015.103	2666.691	0.080
27	2015.103	2666.691	0.080
28	1722.480	1906.239	0.080
29	1727.297	2033.574	0.080
30	1727.297	2033.574	0.080
31	1727.297	2033.574	0.080
32	1960.018	2381.468	0.080
33	1960.018	2381.468	0.080
34	1960.018	2381.468	0.080
35	2106.040	3333.580	0.080
36	2106.040	3333.580	0.080
37	1817.312	2398.847	0.080
38	1828.860	2360.063	0.080
39	1876.433	2231.341	0.080
40	1934.799	2662.966	0.080
41	1954.026	2481.121	0.080
42	2052.237	3326.806	0.080
43	2110.265	2882.205	0.080
44	2110.265	2882.205	0.080
45	2110.265	2882.205	0.080
46	1957.466	2699.545	0.080
47	2042.669	2795.569	0.080
48	1815.140	2416.198	0.080
49	1890.524	2612.248	0.080
1	1961.215	2143.711	0.100
2	1998.220	2006.041	0.100
3	2112.472	2321.891	0.100
4	2704.129	2937.744	0.100
5	1978.744	1821.723	0.100
6	1957.913	2017.515	0.100
7	2644.245	3236.636	0.100
8	2398.926	2532.681	0.100
9	2705.326	3200.322	0.100
10	2504.064	3090.791	0.100
11	2155.108	1931.198	0.100
12	2152.854	1903.351	0.100
13	2059.692	1969.643	0.100
14	2107.350	2020.877	0.100
15	2640.446	2593.474	0.100
16	2269.335	2251.555	0.100
17	2259.493	2248.812	0.100
18	2280.450	2578.886	0.100
19	2116.278	2005.510	0.100
20	2301.398	2378.849	0.100
21	2301.398	2378.849	0.100
22	2300.017	2338.443	0.100
23	2072.874	1984.025	0.100
24	2573.731	2592.849	0.100
25	2695.243	2727.446	0.100
26	2268.925	2363.672	0.100
27	2363.155	2555.460	0.100
28	2582.795	2860.961	0.100
29	2271.158	2618.395	0.100
30	2465.693	2431.089	0.100
31	2401.447	2452.626	0.100
32	2789.633	3347.577	0.100
33	2329.816	2034.070	0.100
34	2413.311	2446.174	0.100
35	2413.311	2446.174	0.100
36	2311.137	2184.423	0.100
37	2268.877	2421.309	0.100
38	2271.640	2346.698	0.100
39	2418.499	2605.076	0.100
40	2345.541	2182.834	0.100
41	2345.541	2182.834	0.100
42	2345.541	2182.834	0.100
43	2266.173	2383.995	0.100
44	2225.665	2011.625	0.100
45	2225.665	2011.625	0.100
46	2225.665	2011.625	0.100
47	2587.484	2408.887	0.100
48	2587.484	2408.887	0.100
49	2587.484	2408.887	0.100
1	2353.459	2096.073	0.120
2	2397.864	1961.463	0.120
3	2534.966	2270.294	0.120
4	3244.954	2872.460	0.120
5	2374.493	1781.240	0.120
6	2349.495	1972.682	0.120
7	3173.094	3164.710	0.120
8	2878.711	2476.399	0.120
9	3246.391	3129.203	0.120
10	3004.877	3022.106	0.120
11	2586.130	1888.283	0.120
12	2565.095	2289.942	0.120
13	2565.095	2289.942	0.120
14	2890.905	2543.209	0.120
15	2583.424	1861.054	0.120
16	2723.201	2201.520	0.120
17	2730.764	2024.479	0.120
18	3187.605	3153.066	0.120
19	2736.540	2521.578	0.120
20	2761.677	2325.986	0.120
21	2761.677	2325.986	0.120
22	2608.698	1997.657	0.120
23	2608.698	1997.657	0.120
24	2710.305	2635.203	0.120
25	2710.305	2635.203	0.120
26	2989.642	2913.382	0.120
27	3078.356	3182.162	0.120
28	2797.776	2608.823	0.120
29	2616.727	2129.600	0.120
30	2616.727	2129.600	0.120
31	2795.356	2003.126	0.120
32	2795.779	1988.868	0.120
33	2795.779	1988.868	0.120
34	2771.654	1889.730	0.120
35	2773.364	2135.880	0.120
36	2713.373	2006.398	0.120
37	3347.560	3273.186	0.120
38	3080.385	2641.288	0.120
39	3216.753	2893.023	0.120
40	3216.753	2893.023	0.120
41	2902.198	2547.185	0.120
42	2565.389	1852.044	0.120
43	2902.178	2247.202	0.120
44	2865.119	2245.822	0.120
45	2865.119	2245.822	0.120
46	2865.119	2245.822	0.120
47	3063.370	2510.221	0.120
48	3063.370	2510.221	0.120
49	3063.370	2510.221	0.120
1	2745.702	2048.435	0.140
2	2797.508	1916.884	0.140
3	2957.461	2218.696	0.140
4	3785.780	2807.177	0.140
5	2770.242	1740.757	0.140
6	2741.078	1927.848	0.140
7	3701.943	3092.785	0.140
8	3358.497	2420.117	0.140
9	3787.456	3058.085	0.140
10	3505.690	2953.422	0.140
11	3017.152	1845.367	0.140
12	2992.611	2237.898	0.140
13	2992.611	2237.898	0.140
14	3372.722	2485.409	0.140
15	3124.679	2094.141	0.140
16	3124.679	2094.141	0.140
17	3154.272	2340.638	0.140
18	3013.995	1818.758	0.140
19	3177.068	2151.486	0.140
20	3185.892	1978.468	0.140
21	3718.872	3081.405	0.140
22	3192.631	2464.269	0.140
23	3221.957	2273.122	0.140
24	3221.957	2273.122	0.140
25	3043.481	1952.255	0.140
26	3043.481	1952.255	0.140
27	3162.023	2575.312	0.140
28	3162.023	2575.312	0.140
29	3487.916	2847.169	0.140
30	3591.416	3109.840	0.140
31	3264.072	2549.532	0.140
32	3052.848	2081.200	0.140
33	3052.848	2081.200	0.140
34	2974.100	2094.601	0.140
35	2974.100	2094.601	0.140
36	2974.100	2094.601	0.140
37	3261.249	1957.600	0.140
38	3261.742	1943.666	0.140
39	3261.742	1943.666	0.140
40	3233.596	1846.782	0.140
41	3235.592	2087.338	0.140
42	3905.486	3198.796	0.140
43	3165.602	1960.798	0.140
44	3165.602	1960.798	0.140
45	3165.602	1960.798	0.140
46	3385.552	2265.822	0.140
47	3752.878	2827.273	0.140
48	3752.878	2827.273	0.140
49	3385.898	2489.295	0.140
1	3137.945	2000.797	0.160
2	3197.153	1872.305	0.160
3	3379.955	2167.099	0.160
4	4326.606	2741.894	0.160
5	3165.991	1700.275	0.160
6	3132.661	1883.014	0.160
7	4230.792	3020.860	0.160
8	3838.282	2363.835	0.160
9	4328.521	2986.967	0.160
10	4006.502	2884.738	0.160
11	3448.173	1802.452	0.160
12	3420.127	2185.854	0.160
13	3420.127	2185.854	0.160
14	3854.540	2427.609	0.160
15	3571.062	2045.440	0.160
16	3571.062	2045.440	0.160
17	3604.883	2286.205	0.160
18	3444.566	1776.461	0.160
19	3630.935	2101.451	0.160
20	3641.019	1932.457	0.160
21	4250.140	3009.745	0.160
22	3648.721	2406.960	0.160
23	4030.207	2434.805	0.160
24	4410.402	3232.394	0.160
25	4104.475	3037.518	0.160
26	3488.969	2032.800	0.160
27	3488.969	2032.800	0.160
28	3398.971	2045.890	0.160
29	3398.971	2045.890	0.160
30	3398.971	2045.890	0.160
31	3727.142	1912.075	0.160
32	3727.705	1898.465	0.160
33	3727.705	1898.465	0.160
34	3695.538	1803.834	0.160
35	4107.180	2521.230	0.160
36	4463.413	3124.405	0.160
37	3617.830	1915.198	0.160
38	3617.830	1915.198	0.160
39	3617.830	1915.198	0.160
40	3869.202	2213.129	0.160
41	3827.274	1958.553	0.160
42	3812.900	1945.562	0.160
43	3908.052	2265.371	0.160
44	3908.052	2265.371	0.160
45	3915.738	2241.722	0.160
46	3915.738	2241.722	0.160
47	3976.716	2764.469	0.160
48	3976.716	2764.469	0.160
49	3976.716	2764.469	0.160
1	3530.188	1953.159	0.180
2	3596.797	1827.727	0.180
3	3802.449	2115.501	0.180
4	4867.432	2676.611	0.180
5	3561.740	1659.792	0.180
6	3524.243	1838.181	0.180
7	4759.641	2948.935	0.180
8	4318.067	2307.554	0.180
9	4869.586	2915.849	0.180
10	4507.315	2816.054	0.180
11	3879.195	1759.536	0.180
12	3847.643	2133.810	0.180
13	3847.643	2133.810	0.180
14	4336.357	2369.808	0.180
15	4017.445	1996.739	0.180
16	3823.843	1997.178	0.180
17	3823.843	1997.178	0.180
18	4055.493	2231.771	0.180
19	3925.090	1984.400	0.180
20	3875.137	1734.164	0.180
21	4084.802	2051.416	0.180
22	4096.147	1886.446	0.180
23	4335.081	2383.640	0.180
24	4120.791	2118.448	0.180
25	4120.791	2118.448	0.180
26	4035.302	1765.347	0.180
27	4118.458	1825.197	0.180
28	4298.815	1883.946	0.180
29	4024.901	1894.543	0.180
30	4220.392	1930.227	0.180
31	4432.146	1926.598	0.180
32	4588.030	2182.225	0.180
33	4588.030	2182.225	0.180
34	4275.062	1842.383	0.180
35	4054.442	1837.616	0.180
36	4054.442	1837.616	0.180
37	4240.862	1727.488	0.180
38	4553.510	1922.630	0.180
39	4397.241	1788.164	0.180
40	4397.241	1788.164	0.180
41	4397.241	1788.164	0.180
42	4397.241	1788.164	0.180
43	4438.247	2214.993	0.180
44	4438.247	2214.993	0.180
45	4438.247	2214.993	0.180
46	4342.052	2369.406	0.180
47	4617.534	2965.196	0.180
48	3859.761	2087.721	0.180
49	3859.761	2087.721	0.180
1	3922.431	1905.521	0.200
2	3996.441	1783.148	0.200
3	4224.944	2063.903	0.200
4	5408.257	2611.328	0.200
5	3957.489	1619.309	0.200
6	3915.826	1793.347	0.200
7	5288.490	2877.010	0.200
8	4797.852	2251.272	0.200
9	5410.651	2844.730	0.200
10	5008.128	2747.369	0.200
11	4310.217	1716.621	0.200
12	4275.159	2081.765	0.200
13	4275.159	2081.765	0.200
14	4818.175	2312.008	0.200
15	4463.828	1948.038	0.200
16	4248.714	1948.466	0.200
17	4248.714	1948.466	0.200
18	4506.103	2177.338	0.200
19	4361.211	1936.000	0.200
20	4305.707	1691.868	0.200
21	4538.669	2001.382	0.200
22	4551.274	1840.435	0.200
23	4816.757	2325.503	0.200
24	4578.657	2066.778	0.200
25	4578.657	2066.778	0.200
26	4483.668	1722.290	0.200
27	4576.065	1780.680	0.200
28	4776.461	1837.996	0.200
29	4472.112	1848.334	0.200
30	4689.325	1883.149	0.200
31	4924.607	1879.608	0.200
32	5097.811	2129.000	0.200
33	5097.811	2129.000	0.200
34	4750.069	1797.447	0.200
35	4504.936	1792.796	0.200
36	4504.936	1792.796	0.200
37	4712.069	1685.354	0.200
38	5059.455	1875.736	0.200
39	4885.823	1744.551	0.200
40	4885.823	1744.551	0.200
41	4885.823	1744.551	0.200
42	4885.823	1744.551	0.200
43	4931.385	2160.968	0.200
44	4931.385	2160.968	0.200
45	4931.385	2160.968	0.200
46	4824.502	2311.616	0.200
47	5130.594	2892.875	0.200
48	4288.623	2036.801	0.200
49	4288.623	2036.801	0.200
1	4314.674	1857.883	0.220
2	4396.085	1738.569	0.220
3	4647.438	2012.306	0.220
4	5949.083	2546.044	0.220
5	4353.238	1578.826	0.220
6	4307.408	1748.513	0.220
7	5817.339	2805.084	0.220
8	5277.638	2194.990	0.220
9	5951.717	2773.612	0.220
10	5508.941	2678.685	0.220
11	4741.238	1673.705	0.220
12	4702.675	2029.721	0.220
13	4702.675	2029.721	0.220
14	5299.992	2254.208	0.220
15	4910.210	1899.337	0.220
16	4673.586	1899.755	0.220
17	4673.586	1899.755	0.220
18	4956.714	2122.904	0.220
19	4797.332	1887.600	0.220
20	4736.278	1649.571	0.220
21	4992.536	1951.347	0.220
22	5006.401	1794.425	0.220
23	5298.433	2267.365	0.220
24	5036.523	2015.109	0.220
25	5036.523	2015.109	0.220
26	4932.035	1679.233	0.220
27	5033.671	1736.163	0.220
28	5254.107	1792.047	0.220
29	4919.323	1802.126	0.220
30	5158.257	1836.070	0.220
31	5417.067	1832.617	0.220
32	5607.592	2075.775	0.220
33	5607.592	2075.775	0.220
34	5225.075	1752.510	0.220
35	4955.430	1747.976	0.220
36	4955.430	1747.976	0.220
37	5183.276	1643.220	0.220
38	5565.401	1828.843	0.220
39	5374.405	1700.937	0.220
40	5374.405	1700.937	0.220
41	5374.405	1700.937	0.220
42	5374.405	1700.937	0.220
43	5424.524	2106.944	0.220
44	5424.524	2106.944	0.220
45	5424.524	2106.944	0.220
46	5306.952	2253.825	0.220
47	5643.653	2820.553	0.220
48	4717.485	1985.881	0.220
49	4717.485	1985.881	0.220
1	4706.917	1810.245	0.240
2	4795.729	1693.990	0.240
3	5069.932	1960.708	0.240
4	6489.909	2480.761	0.240
5	4748.986	1538.344	0.240
6	4698.991	1703.680	0.240
7	6346.188	2733.159	0.240
8	5757.423	2138.708	0.240
9	6492.782	2702.494	0.240
10	6009.753	2610.001	0.240
11	5172.260	1630.790	0.240
12	5130.191	1977.677	0.240
13	5130.191	1977.677	0.240
14	5781.809	2196.408	0.240
15	5356.593	1850.636	0.240
16	5098.457	1851.043	0.240
17	5098.457	1851.043	0.240
18	5407.324	2068.471	0.240
19	5233.453	1839.200	0.240
20	5166.849	1607.274	0.240
21	5446.403	1901.313	0.240
22	5461.529	1748.414	0.240
23	5780.109	2209.228	0.240
24	5494.389	1963.439	0.240
25	5494.389	1963.439	0.240
26	5494.389	1963.439	0.240
27	5494.389	1963.439	0.240
28	5532.791	2053.666	0.240
29	5380.402	1636.175	0.240
30	5491.278	1691.646	0.240
31	5731.754	1746.097	0.240
32	5719.351	1760.270	0.240
33	6081.405	2174.680	0.240
34	5486.426	1672.944	0.240
35	5753.116	2228.395	0.240
36	5549.390	2113.403	0.240
37	4982.650	1611.104	0.240
38	6045.310	2202.919	0.240
39	5473.081	2177.726	0.240
40	5852.190	2250.110	0.240
41	5523.354	2008.806	0.240
42	5523.354	2008.806	0.240
43	5420.610	2275.857	0.240
44	5274.768	1694.969	0.240
45	5979.285	2516.103	0.240
46	6156.712	2748.231	0.240
47	5508.418	2228.601	0.240
48	5789.402	2196.035	0.240
49	5965.074	2501.186	0.240
1	5099.160	1762.607	0.260
2	5195.373	1649.412	0.260
3	5492.427	1909.111	0.260
4	7030.734	2415.478	0.260
5	5144.735	1497.861	0.260
6	5090.573	1658.846	0.260
7	6875.037	2661.234	0.260
8	6237.208	2082.426	0.260
9	7033.847	2631.376	0.260
10	6510.566	2541.317	0.260
11	5603.282	1587.874	0.260
12	5557.706	1925.633	0.260
13	5557.706	1925.633	0.260
14	6263.627	2138.607	0.260
15	5802.976	1801.935	0.260
16	5523.328	1802.331	0.260
17	5523.328	1802.331	0.260
18	5857.934	2014.037	0.260
19	5669.574	1790.800	0.260
20	5597.420	1564.977	0.260
21	5900.270	1851.278	0.260
22	5916.656	1702.403	0.260
23	6261.784	2151.090	0.260
24	5952.254	1911.770	0.260
25	5952.254	1911.770	0.260
26	5952.254	1911.770	0.260
27	5952.254	1911.770	0.260
28	5993.856	1999.622	0.260
29	5828.769	1593.118	0.260
30	5948.884	1647.129	0.260
31	6209.400	1700.147	0.260
32	6195.963	1713.947	0.260
33	6588.189	2117.451	0.260
34	5943.628	1628.919	0.260
35	6232.542	2169.753	0.260
36	6011.839	2057.787	0.260
37	5397.870	1568.706	0.260
38	6549.086	2144.947	0.260
39	5929.171	2120.418	0.260
40	6339.872	2190.897	0.260
41	5983.634	1955.943	0.260
42	5983.634	1955.943	0.260
43	5872.328	2215.966	0.260
44	5714.332	1650.364	0.260
45	6477.558	2449.889	0.260
46	6669.772	2675.909	0.260
47	5967.453	2169.954	0.260
48	6271.852	2138.245	0.260
49	6462.163	2435.365	0.260
1	5491.403	1714.969	0.280
2	5595.017	1604.833	0.280
3	5914.921	1857.513	0.280
4	7571.560	2350.195	0.280
5	5540.484	1457.378	0.280
6	5482.156	1614.012	0.280
7	7403.886	2589.309	0.280
8	6716.993	2026.145	0.280
9	7574.912	2560.257	0.280
10	7011.379	2472.633	0.280
11	6034.303	1544.959	0.280
12	5985.222	1873.589	0.280
13	5985.222	1873.589	0.280
14	6745.444	2080.807	0.280
15	6249.359	1753.234	0.280
16	5948.200	1753.620	0.280
17	5948.200	1753.620	0.280
18	6308.545	1959.604	0.280
19	6105.695	1742.400	0.280
20	6027.990	1522.681	0.280
21	6354.137	1801.244	0.280
22	6371.784	1656.392	0.280
23	6743.460	2092.953	0.280
24	6410.120	1860.100	0.280
25	6410.120	1860.100	0.280
26	6410.120	1860.100	0.280
27	6410.120	1860.100	0.280
28	6454.922	1945.578	0.280
29	6277.136	1550.061	0.280
30	6406.491	1602.612	0.280
31	6687.046	1654.197	0.280
32	6672.576	1667.624	0.280
33	6455.363	1764.814	0.280
34	6684.471	1864.004	0.280
35	6400.830	1584.894	0.280
36	6711.969	2111.111	0.280
37	6474.288	2002.171	0.280
38	5813.091	1526.309	0.280
39	7052.862	2086.976	0.280
40	6385.261	2063.109	0.280
41	6029.665	1580.385	0.280
42	6443.913	1903.079	0.280
43	6443.913	1903.079	0.280
44	6324.045	2156.075	0.280
45	6153.896	1605.760	0.280
46	6975.832	2383.676	0.280
47	7182.831	2603.587	0.280
48	6426.488	2111.306	0.280
49	6754.302	2080.454	0.280
1	5883.646	1667.331	0.300
2	6389.543	1881.077	0.300
3	7302.823	2082.165	0.300
4	9974.991	3137.211	0.300
5	7281.708	2133.558	0.300
6	7095.392	2041.551	0.300
7	6802.437	1888.074	0.300
8	6779.281	1884.667	0.300
9	5843.979	1667.891	0.300
10	5873.739	1569.179	0.300
11	7932.735	2517.383	0.300
12	6570.474	2053.013	0.300
13	6923.475	2252.560	0.300
14	6188.157	1613.342	0.300
15	5936.233	1416.896	0.300
16	6726.777	1695.656	0.300
17	6720.769	1715.011	0.300
18	7160.148	1852.956	0.300
19	6900.051	1818.789	0.300
20	6967.349	2243.455	0.300
21	7998.161	2120.266	0.300
22	6281.606	1553.165	0.300
23	8238.812	2993.499	0.300
24	8512.511	2905.582	0.300
25	8083.903	2560.249	0.300
26	7512.192	2403.948	0.300
27	7430.358	2342.750	0.300
28	6695.741	1704.533	0.300
29	6465.325	1502.043	0.300
30	7255.496	2026.170	0.300
31	6417.192	1930.015	0.300
32	6432.935	1782.201	0.300
33	6848.391	1729.081	0.300
34	7236.753	2022.664	0.300
35	7236.753	2022.664	0.300
36	7242.074	2094.170	0.300
37	7327.598	1887.809	0.300
38	7327.598	1887.809	0.300
39	6994.669	2311.327	0.300
40	7227.238	2055.274	0.300
41	7888.226	2313.477	0.300
42	7331.529	1970.651	0.300
43	7331.529	1970.651	0.300
44	7331.529	1970.651	0.300
45	6783.432	1595.998	0.300
46	6989.447	1582.054	0.300
47	8459.597	2830.285	0.300
48	6730.224	1780.814	0.300
49	7176.139	1632.128	0.300
1	6275.889	1619.693	0.320
2	6815.512	1827.332	0.320
3	7789.678	2022.675	0.320
4	10639.991	3047.577	0.320
5	7767.155	2072.599	0.320
6	7568.418	1983.221	0.320
7	7255.932	1834.129	0.320
8	7231.233	1830.820	0.320
9	6233.578	1620.237	0.320
10	6265.321	1524.345	0.320
11	8461.584	2445.458	0.320
12	7008.505	1994.355	0.320
13	7385.040	2188.201	0.320
14	6600.701	1567.247	0.320
15	6331.982	1376.413	0.320
16	7175.228	1647.209	0.320
17	7168.821	1666.010	0.320
18	7637.491	1800.015	0.320
19	7360.054	1766.824	0.320
20	7431.839	2179.356	0.320
21	8531.371	2059.687	0.320
22	6700.380	1508.789	0.320
23	8788.066	2907.971	0.320
24	9080.012	2822.565	0.320
25	8622.830	2487.099	0.320
26	8013.005	2335.264	0.320
27	7925.715	2275.814	0.320
28	7142.124	1655.832	0.320
29	6896.347	1459.128	0.320
30	7739.195	1968.279	0.320
31	6845.005	1874.872	0.320
32	6861.797	1731.281	0.320
33	7304.951	1679.678	0.320
34	7719.203	1964.873	0.320
35	7719.203	1964.873	0.320
36	7724.879	2034.337	0.320
37	7816.104	1833.872	0.320
38	7816.104	1833.872	0.320
39	7460.980	2245.289	0.320
40	7709.054	1996.551	0.320
41	8414.107	2247.378	0.320
42	7820.297	1914.347	0.320
43	7820.297	1914.347	0.320
44	7820.297	1914.347	0.320
45	7235.661	1550.398	0.320
46	7455.410	1536.853	0.320
47	9023.570	2749.419	0.320
48	7178.905	1729.933	0.320
49	7654.548	1585.496	0.320
1	6668.133	1572.055	0.340
2	7241.482	1773.587	0.340
3	8276.533	1963.185	0.340
4	11304.990	2957.942	0.340
5	8252.602	2011.640	0.340
6	8041.444	1924.891	0.340
7	7709.428	1780.184	0.340
8	7683.185	1776.972	0.340
9	6623.177	1572.583	0.340
10	6656.904	1479.511	0.340
11	8990.433	2373.533	0.340
12	7446.537	1935.698	0.340
13	7846.605	2123.842	0.340
14	7013.244	1521.151	0.340
15	6727.731	1335.930	0.340
16	7623.680	1598.762	0.340
17	7616.872	1617.010	0.340
18	8114.834	1747.073	0.340
19	7820.057	1714.858	0.340
20	7896.329	2115.257	0.340
21	9064.582	1999.108	0.340
22	7119.153	1464.413	0.340
23	9337.320	2822.442	0.340
24	9647.513	2739.548	0.340
25	9161.757	2413.949	0.340
26	8513.817	2266.580	0.340
27	8421.072	2208.878	0.340
28	7588.507	1607.131	0.340
29	7327.368	1416.212	0.340
30	8222.895	1910.389	0.340
31	7272.818	1819.729	0.340
32	7290.659	1680.361	0.340
33	7761.510	1630.276	0.340
34	8201.653	1907.083	0.340
35	8201.653	1907.083	0.340
36	8207.684	1974.503	0.340
37	8304.611	1779.935	0.340
38	8304.611	1779.935	0.340
39	7927.292	2179.251	0.340
40	8190.870	1937.829	0.340
41	8939.989	2181.279	0.340
42	8309.066	1858.043	0.340
43	8309.066	1858.043	0.340
44	8309.066	1858.043	0.340
45	7687.889	1504.798	0.340
46	7921.373	1491.651	0.340
47	9587.543	2668.554	0.340
48	7627.587	1679.053	0.340
49	8132.958	1538.863	0.340
1	7060.376	1524.417	0.360
2	7667.451	1719.842	0.360
3	8763.388	1903.694	0.360
4	11969.990	2868.307	0.360
5	8738.050	1950.681	0.360
6	8514.470	1866.561	0.360
7	8162.924	1726.239	0.360
8	8135.137	1723.125	0.360
9	7012.775	1524.929	0.360
10	7048.486	1434.678	0.360
11	9519.282	2301.608	0.360
12	7884.568	1877.040	0.360
13	8308.170	2059.484	0.360
14	7425.788	1475.056	0.360
15	7123.480	1295.447	0.360
16	8072.132	1550.314	0.360
17	8064.923	1568.010	0.360
18	8592.177	1694.132	0.360
19	8280.061	1662.893	0.360
20	8360.819	2051.158	0.360
21	9597.793	1938.529	0.360
22	7537.927	1420.037	0.360
23	9886.574	2736.914	0.360
24	10215.013	2656.532	0.360
25	9700.684	2340.799	0.360
26	9014.630	2197.896	0.360
27	8916.429	2141.943	0.360
28	8034.890	1558.430	0.360
29	7758.390	1373.296	0.360
30	8393.603	2113.213	0.360
31	7647.685	1558.773	0.360
32	7719.522	1629.441	0.360
33	8218.070	1580.874	0.360
34	8684.103	1849.293	0.360
35	7700.630	1764.586	0.360
36	8690.489	1914.670	0.360
37	8810.411	1707.979	0.360
38	8810.411	1707.979	0.360
39	8810.411	1707.979	0.360
40	9496.193	2005.012	0.360
41	8793.118	1725.997	0.360
42	8797.834	1801.738	0.360
43	8797.834	1801.738	0.360
44	8705.705	1686.193	0.360
45	8140.118	1459.199	0.360
46	8387.336	1446.449	0.360
47	10151.516	2587.689	0.360
48	8076.268	1628.172	0.360
49	8611.367	1492.231	0.360
1	7452.619	1476.779	0.380
2	8093.421	1666.097	0.380
3	9250.242	1844.204	0.380
4	12634.989	2778.673	0.380
5	9223.497	1889.723	0.380
6	8987.497	1808.231	0.380
7	8616.420	1672.294	0.380
8	8587.089	1669.277	0.380
9	7402.374	1477.275	0.380
10	7440.069	1389.844	0.380
11	10048.131	2229.682	0.380
12	8322.600	1818.383	0.380
13	8769.734	1995.125	0.380
14	8743.635	2024.556	0.380
15	8510.795	1764.858	0.380
16	10003.691	2246.543	0.380
17	10011.732	2656.847	0.380
18	10922.850	2275.496	0.380
19	8859.914	2047.175	0.380
20	8795.807	1724.462	0.380
21	8263.420	1467.347	0.380
22	8263.420	1467.347	0.380
23	8072.557	1510.061	0.380
24	8592.347	1413.599	0.380
25	8647.421	1426.337	0.380
26	9189.355	1633.500	0.380
27	8148.384	1578.521	0.380
28	9550.536	2149.041	0.380
29	8286.301	1500.400	0.380
30	9173.294	1854.836	0.380
31	9173.294	1854.836	0.380
32	9284.089	1930.909	0.380
33	8533.028	2087.399	0.380
34	9180.978	1848.598	0.380
35	9991.753	2049.080	0.380
36	9991.753	2049.080	0.380
37	9991.753	2049.080	0.380
38	9991.753	2049.080	0.380
39	9991.753	2049.080	0.380
40	9991.753	2049.080	0.380
41	9991.753	2049.080	0.380
42	9991.753	2049.080	0.380
43	9198.946	2131.175	0.380
44	9198.946	2131.175	0.380
45	9291.914	1700.040	0.380
46	9291.914	1700.040	0.380
47	9291.914	1700.040	0.380
48	9291.914	1700.040	0.380
49	9291.914	1700.040	0.380
1	7844.862	1429.141	0.400
2	8519.390	1612.352	0.400
3	9737.097	1784.713	0.400
4	13299.988	2689.038	0.400
5	9708.944	1828.764	0.400
6	9460.523	1749.901	0.400
7	9069.916	1618.349	0.400
8	9039.041	1615.429	0.400
9	7791.972	1429.621	0.400
10	7831.651	1345.010	0.400
11	10576.980	2157.757	0.400
12	8760.632	1759.725	0.400
13	9231.299	1930.766	0.400
14	9203.827	1959.248	0.400
15	8958.731	1707.927	0.400
16	10530.201	2174.074	0.400
17	10538.665	2571.143	0.400
18	11497.736	2202.092	0.400
19	11026.004	2308.853	0.400
20	9347.261	2269.394	0.400
21	9261.954	1699.392	0.400
22	8722.422	1452.000	0.400
23	8698.337	1420.013	0.400
24	9326.225	1981.137	0.400
25	9258.744	1668.834	0.400
26	10517.634	1982.980	0.400
27	8620.433	1287.465	0.400
28	8620.433	1287.465	0.400
29	8497.428	1461.350	0.400
30	9044.576	1367.999	0.400
31	9319.263	1356.046	0.400
32	11158.532	2231.718	0.400
33	8973.631	1526.412	0.400
34	9568.185	1398.967	0.400
35	9483.271	1317.816	0.400
36	9680.924	1580.330	0.400
37	9076.897	1631.232	0.400
38	9157.314	1550.084	0.400
39	8304.416	1271.924	0.400
40	8939.990	1413.043	0.400
41	8921.083	1346.086	0.400
42	7914.977	1214.482	0.400
43	8969.035	1453.420	0.400
44	11116.070	1978.397	0.400
45	9150.859	1494.624	0.400
46	8510.438	1339.375	0.400
47	9774.009	1738.357	0.400
48	9774.009	1738.357	0.400
49	9774.009	1738.357	0.400
1	8237.105	1381.503	0.420
2	8945.360	1558.607	0.420
3	10223.952	1725.223	0.420
4	13964.988	2599.404	0.420
5	10194.391	1767.805	0.420
6	9933.549	1691.571	0.420
7	9523.411	1564.404	0.420
8	9490.993	1561.582	0.420
9	8181.571	1381.967	0.420
10	8223.234	1300.177	0.420
11	11105.829	2085.832	0.420
12	9198.663	1701.068	0.420
13	9692.864	1866.407	0.420
14	9664.018	1893.940	0.420
15	9406.668	1650.996	0.420
16	11056.711	2101.605	0.420
17	11065.598	2485.438	0.420
18	12072.623	2128.689	0.420
19	11577.304	2231.891	0.420
20	9814.624	2193.747	0.420
21	9725.052	1642.745	0.420
22	9158.543	1403.600	0.420
23	9133.254	1372.680	0.420
24	9792.537	1915.099	0.420
25	9721.681	1613.206	0.420
26	11043.516	1916.881	0.420
27	9051.455	1244.550	0.420
28	9051.455	1244.550	0.420
29	8922.300	1412.638	0.420
30	9496.805	1322.399	0.420
31	9785.226	1310.845	0.420
32	11716.459	2157.327	0.420
33	9422.313	1475.531	0.420
34	10046.595	1352.334	0.420
35	9957.435	1273.888	0.420
36	10164.970	1527.653	0.420
37	9530.742	1576.858	0.420
38	9615.180	1498.414	0.420
39	8719.637	1229.527	0.420
40	9386.990	1365.942	0.420
41	9367.137	1301.217	0.420
42	8310.726	1173.999	0.420
43	9417.487	1404.973	0.420
44	11671.874	1912.450	0.420
45	9608.402	1444.803	0.420
46	8935.960	1294.729	0.420
47	10262.710	1680.412	0.420
48	10262.710	1680.412	0.420
49	10262.710	1680.412	0.420
1	8629.348	1333.865	0.440
2	9371.329	1504.862	0.440
3	10710.807	1665.732	0.440
4	14629.987	2509.769	0.440
5	10679.838	1706.846	0.440
6	10406.575	1633.241	0.440
7	9976.907	1510.459	0.440
8	9942.945	1507.734	0.440
9	8571.170	1334.313	0.440
10	8614.817	1255.343	0.440
11	11634.678	2013.907	0.440
12	9636.695	1642.410	0.440
13	10154.429	1802.048	0.440
14	10124.210	1828.631	0.440
15	9854.605	1594.065	0.440
16	11583.221	2029.135	0.440
17	11592.532	2399.733	0.440
18	12647.510	2055.286	0.440
19	12128.604	2154.929	0.440
20	10281.988	2118.101	0.440
21	10188.150	1586.099	0.440
22	9594.664	1355.200	0.440
23	9568.171	1325.346	0.440
24	10258.848	1849.061	0.440
25	10184.618	1557.578	0.440
26	11569.398	1850.782	0.440
27	11569.398	1850.782	0.440
28	9347.171	1363.926	0.440
29	9949.033	1276.799	0.440
30	10012.803	1288.305	0.440
31	10747.164	1558.774	0.440
32	10621.709	1675.336	0.440
33	10621.709	1675.336	0.440
34	10613.904	1618.131	0.440
35	10613.904	1618.131	0.440
36	10613.904	1618.131	0.440
37	10749.998	1744.047	0.440
38	9880.348	1885.393	0.440
39	9880.348	1885.393	0.440
40	10751.117	1453.313	0.440
41	10751.117	1453.313	0.440
42	10651.411	1924.932	0.440
43	10651.411	1924.932	0.440
44	10651.411	1924.932	0.440
45	10651.411	1924.932	0.440
46	10651.411	1924.932	0.440
47	9744.605	1312.009	0.440
48	9744.605	1312.009	0.440
49	9744.605	1312.009	0.440
1	9021.591	1286.227	0.460
2	9797.299	1451.117	0.460
3	11197.662	1606.242	0.460
4	15294.987	2420.134	0.460
5	11165.286	1645.887	0.460
6	10879.601	1574.911	0.460
7	10430.403	1456.514	0.460
8	10394.897	1453.886	0.460
9	8960.768	1286.659	0.460
10	9006.399	1210.509	0.460
11	12163.527	1941.981	0.460
12	10074.726	1583.753	0.460
13	10615.994	1737.689	0.460
14	10584.401	1763.323	0.460
15	10302.541	1537.134	0.460
16	12109.731	1956.666	0.460
17	12119.465	2314.028	0.460
18	13222.397	1981.883	0.460
19	12679.904	2077.968	0.460
20	10749.351	2042.454	0.460
21	10651.247	1529.453	0.460
22	10030.785	1306.800	0.460
23	10003.088	1278.012	0.460
24	10725.159	1783.023	0.460
25	10647.555	1501.951	0.460
26	12095.280	1784.682	0.460
27	12095.280	1784.682	0.460
28	9772.043	1315.215	0.460
29	10401.262	1231.199	0.460
30	10467.930	1242.294	0.460
31	11235.672	1503.103	0.460
32	11104.514	1615.503	0.460
33	11104.514	1615.503	0.460
34	11096.354	1560.341	0.460
35	11096.354	1560.341	0.460
36	11096.354	1560.341	0.460
37	11238.635	1681.760	0.460
38	10329.455	1818.057	0.460
39	10329.455	1818.057	0.460
40	11239.804	1401.409	0.460
41	11239.804	1401.409	0.460
42	11135.566	1856.184	0.460
43	11135.566	1856.184	0.460
44	11135.566	1856.184	0.460
45	11135.566	1856.184	0.460
46	11135.566	1856.184	0.460
47	10187.541	1265.152	0.460
48	10187.541	1265.152	0.460
49	10187.541	1265.152	0.460
1	9413.834	1238.589	0.480
2	10223.268	1397.372	0.480
3	11684.517	1546.751	0.480
4	15959.986	2330.500	0.480
5	11650.733	1584.929	0.480
6	11352.627	1516.581	0.480
7	10883.899	1402.569	0.480
8	10846.849	1400.039	0.480
9	9350.367	1239.005	0.480
10	9397.982	1165.675	0.480
11	12692.376	1870.056	0.480
12	10512.758	1525.095	0.480
13	11077.559	1673.330	0.480
14	11044.592	1698.015	0.480
15	10750.478	1480.203	0.480
16	12636.241	1884.197	0.480
17	12646.398	2228.324	0.480
18	13797.284	1908.480	0.480
19	13231.205	2001.006	0.480
20	11216.714	1966.808	0.480
21	11114.345	1472.806	0.480
22	10466.906	1258.400	0.480
23	10466.906	1258.400	0.480
24	11587.319	1555.669	0.480
25	11110.493	1446.323	0.480
26	11597.025	1550.437	0.480
27	11191.470	1716.986	0.480
28	10196.914	1266.503	0.480
29	10853.491	1185.599	0.480
30	10923.058	1196.283	0.480
31	11724.179	1447.433	0.480
32	10438.005	1230.678	0.480
33	10438.005	1230.678	0.480
34	10438.005	1230.678	0.480
35	11601.763	1331.822	0.480
36	11092.103	1328.161	0.480
37	11092.103	1328.161	0.480
38	11092.103	1328.161	0.480
39	10881.072	1273.359	0.480
40	11578.804	1502.550	0.480
41	11578.804	1502.550	0.480
42	11608.793	1505.155	0.480
43	11608.793	1505.155	0.480
44	11608.793	1505.155	0.480
45	11608.793	1505.155	0.480
46	10630.478	1218.294	0.480
47	10630.478	1218.294	0.480
48	10630.478	1218.294	0.480
49	12397.416	1652.999	0.480
1	9806.077	1190.951	0.500
2	10649.238	1343.627	0.500
3	12171.372	1487.261	0.500
4	16624.985	2240.865	0.500
5	12136.180	1523.970	0.500
6	11825.653	1458.250	0.500
7	11337.394	1348.624	0.500
8	11298.801	1346.191	0.500
9	9739.966	1191.351	0.500
10	9789.564	1120.842	0.500
11	13221.225	1798.131	0.500
12	10950.789	1466.438	0.500
13	11539.124	1608.972	0.500
14	11504.784	1632.707	0.500
15	11198.414	1423.272	0.500
16	13162.751	1811.728	0.500
17	13173.331	2142.619	0.500
18	14372.170	1835.077	0.500
19	13782.505	1924.044	0.500
20	11684.077	1891.161	0.500
21	11577.443	1416.160	0.500
22	10903.028	1210.000	0.500
23	10903.028	1210.000	0.500
24	12070.124	1495.836	0.500
25	11573.430	1390.695	0.500
26	12080.234	1490.805	0.500
27	11657.782	1650.948	0.500
28	10621.785	1217.792	0.500
29	11305.720	1139.999	0.500
30	11378.185	1150.272	0.500
31	12212.687	1391.762	0.500
32	10872.922	1183.344	0.500
33	10872.922	1183.344	0.500
34	10872.922	1183.344	0.500
35	12085.170	1280.598	0.500
36	11554.274	1277.078	0.500
37	11554.274	1277.078	0.500
38	11554.274	1277.078	0.500
39	11334.450	1224.383	0.500
40	12061.254	1444.760	0.500
41	12061.254	1444.760	0.500
42	12092.493	1447.264	0.500
43	12092.493	1447.264	0.500
44	12092.493	1447.264	0.500
45	12092.493	1447.264	0.500
46	11073.415	1171.437	0.500
47	11073.415	1171.437	0.500
48	11073.415	1171.437	0.500
49	12913.975	1589.423	0.500
1	10198.320	1143.313	0.520
2	11075.207	1289.882	0.520
3	12658.226	1427.771	0.520
4	17289.985	2151.231	0.520
5	12621.627	1463.011	0.520
6	12298.680	1399.920	0.520
7	11790.890	1294.679	0.520
8	11750.753	1292.343	0.520
9	10129.564	1143.697	0.520
10	10181.147	1076.008	0.520
11	13750.075	1726.206	0.520
12	11388.821	1407.780	0.520
13	12000.689	1544.613	0.520
14	11964.975	1567.398	0.520
15	11646.351	1366.342	0.520
16	13689.261	1739.259	0.520
17	13700.265	2056.914	0.520
18	14947.057	1761.674	0.520
19	14333.805	1847.082	0.520
20	12151.440	1815.515	0.520
21	12040.540	1359.513	0.520
22	11339.149	1161.600	0.520
23	11339.149	1161.600	0.520
24	12552.929	1436.002	0.520
25	12036.367	1335.067	0.520
26	12563.443	1431.173	0.520
27	12124.093	1584.910	0.520
28	11046.657	1169.080	0.520
29	11757.949	1094.399	0.520
30	11833.313	1104.261	0.520
31	12701.194	1336.092	0.520
32	11307.838	1136.011	0.520
33	11307.838	1136.011	0.520
34	11307.838	1136.011	0.520
35	12568.577	1229.374	0.520
36	12016.445	1225.995	0.520
37	12016.445	1225.995	0.520
38	12016.445	1225.995	0.520
39	11787.829	1175.408	0.520
40	12543.704	1386.969	0.520
41	12543.704	1386.969	0.520
42	12576.192	1389.374	0.520
43	12576.192	1389.374	0.520
44	12576.192	1389.374	0.520
45	12576.192	1389.374	0.520
46	11516.351	1124.579	0.520
47	11516.351	1124.579	0.520
48	11516.351	1124.579	0.520
49	13430.534	1525.846	0.520
1	10590.563	1095.675	0.540
2	11501.177	1236.137	0.540
3	13145.081	1368.280	0.540
4	17954.984	2061.596	0.540
5	13107.074	1402.052	0.540
6	12771.706	1341.590	0.540
7	12244.386	1240.734	0.540
8	12202.706	1238.496	0.540
9	10519.163	1096.043	0.540
10	10572.729	1031.174	0.540
11	14278.924	1654.280	0.540
12	11826.853	1349.123	0.540
13	12462.254	1480.254	0.540
14	12425.166	1502.090	0.540
15	12094.287	1309.411	0.540
16	14215.771	1666.790	0.540
17	14227.198	1971.209	0.540
18	15521.944	1688.271	0.540
19	14885.105	1770.121	0.540
20	12618.803	1739.868	0.540
21	12503.638	1302.867	0.540
22	11775.270	1113.200	0.540
23	11775.270	1113.200	0.540
24	13035.734	1376.169	0.540
25	12499.304	1279.439	0.540
26	13046.653	1371.541	0.540
27	12590.404	1518.872	0.540
28	11471.528	1120.368	0.540
29	12210.177	1048.799	0.540
30	12288.440	1058.250	0.540
31	13189.702	1280.421	0.540
32	11742.755	1088.677	0.540
33	11742.755	1088.677	0.540
34	11742.755	1088.677	0.540
35	13051.984	1178.150	0.540
36	12478.616	1174.911	0.540
37	12478.616	1174.911	0.540
38	12478.616	1174.911	0.540
39	12241.207	1126.433	0.540
40	13026.155	1329.179	0.540
41	13026.155	1329.179	0.540
42	13059.892	1331.483	0.540
43	13059.892	1331.483	0.540
44	13059.892	1331.483	0.540
45	13059.892	1331.483	0.540
46	11959.288	1077.722	0.540
47	11959.288	1077.722	0.540
48	11959.288	1077.722	0.540
49	13947.093	1462.269	0.540
1	10982.806	1048.037	0.560
2	11927.146	1182.392	0.560
3	13631.936	1308.790	0.560
4	18619.984	1971.961	0.560
5	13592.521	1341.094	0.560
6	13244.732	1283.260	0.560
7	12697.882	1186.789	0.560
8	12654.658	1184.648	0.560
9	10908.761	1048.389	0.560
10	10964.312	986.341	0.560
11	14807.773	1582.355	0.560
12	12264.884	1290.465	0.560
13	12923.819	1415.895	0.560
14	12885.358	1436.782	0.560
15	12542.224	1252.480	0.560
16	14742.281	1594.321	0.560
17	14754.131	1885.505	0.560
18	16096.831	1614.868	0.560
19	15436.405	1693.159	0.560
20	13086.166	1664.222	0.560
21	12966.736	1246.221	0.560
22	12211.391	1064.800	0.560
23	12211.391	1064.800	0.560
24	13518.539	1316.336	0.560
25	12962.241	1223.812	0.560
26	13529.862	1311.908	0.560
27	13056.715	1452.834	0.560
28	11896.400	1071.657	0.560
29	12662.406	1003.199	0.560
30	12743.567	1012.239	0.560
31	13678.209	1224.751	0.560
32	12177.672	1041.343	0.560
33	12177.672	1041.343	0.560
34	12177.672	1041.343	0.560
35	13535.390	1126.926	0.560
36	12940.787	1123.828	0.560
37	12940.787	1123.828	0.560
38	12940.787	1123.828	0.560
39	12694.585	1077.457	0.560
40	13508.605	1271.389	0.560
41	13508.605	1271.389	0.560
42	13543.592	1273.593	0.560
43	13543.592	1273.593	0.560
44	13543.592	1273.593	0.560
45	13543.592	1273.593	0.560
46	12402.224	1030.864	0.560
47	12402.224	1030.864	0.560
48	12402.224	1030.864	0.560
49	14463.652	1398.692	0.560
1	11375.050	1000.399	0.580
2	12353.116	1128.646	0.580
3	14118.791	1249.299	0.580
4	19284.983	1882.327	0.580
5	14077.969	1280.135	0.580
6	13717.758	1224.930	0.580
7	13151.378	1132.844	0.580
8	13106.610	1130.800	0.580
9	11298.360	1000.735	0.580
10	11355.895	941.507	0.580
11	15336.622	1510.430	0.580
12	12702.916	1231.808	0.580
13	13385.384	1351.536	0.580
14	13345.549	1371.473	0.580
15	12990.160	1195.549	0.580
16	15268.791	1521.852	0.580
17	15281.064	1799.800	0.580
18	16671.718	1541.465	0.580
19	15987.706	1616.197	0.580
20	13553.529	1588.575	0.580
21	13429.834	1189.574	0.580
22	12647.512	1016.400	0.580
23	12647.512	1016.400	0.580
24	14001.344	1256.502	0.580
25	13425.179	1168.184	0.580
26	14013.071	1252.276	0.580
27	13523.027	1386.796	0.580
28	12321.271	1022.945	0.580
29	13114.635	957.599	0.580
30	13198.695	966.229	0.580
31	14166.717	1169.080	0.580
32	12612.589	994.009	0.580
33	12612.589	994.009	0.580
34	12612.589	994.009	0.580
35	14018.797	1075.703	0.580
36	13402.957	1072.745	0.580
37	13402.957	1072.745	0.580
38	13402.957	1072.745	0.580
39	13147.963	1028.482	0.580
40	13991.055	1213.598	0.580
41	13991.055	1213.598	0.580
42	14027.291	1215.702	0.580
43	14027.291	1215.702	0.580
44	14027.291	1215.702	0.580
45	14027.291	1215.702	0.580
46	12845.161	984.007	0.580
47	12845.161	984.007	0.580
48	12845.161	984.007	0.580
49	14980.211	1335.115	0.580
1	11767.293	952.761	0.600
2	12779.085	1074.901	0.600
3	14605.646	1189.809	0.600
4	19949.983	1792.692	0.600
5	14563.416	1219.176	0.600
6	14190.784	1166.600	0.600
7	13604.873	1078.899	0.600
8	13558.562	1076.953	0.600
9	11687.959	953.081	0.600
10	13694.511	1055.311	0.600
11	13441.539	980.006	0.600
12	12674.831	1031.952	0.600
13	13577.255	998.267	0.600
14	13759.544	1018.223	0.600
15	19263.064	1810.635	0.600
16	19113.313	1621.800	0.600
17	18564.120	1492.289	0.600
18	14598.915	1182.984	0.600
19	17071.162	1597.665	0.600
20	13602.830	1117.453	0.600
21	17025.022	1660.332	0.600
22	14816.361	1525.642	0.600
23	13034.686	1264.910	0.600
24	14671.505	1268.024	0.600
25	12774.736	924.943	0.600
26	13653.822	920.218	0.600
27	13616.007	1000.691	0.600
28	14393.557	1125.636	0.600
29	14948.212	1324.265	0.600
30	16674.106	1318.931	0.600
31	12930.650	858.310	0.600
32	13729.009	1036.930	0.600
33	13892.931	1132.928	0.600
34	14860.715	1338.714	0.600
35	12984.194	1192.655	0.600
36	14454.524	1156.004	0.600
37	14625.195	1219.821	0.600
38	14625.195	1219.821	0.600
39	14496.281	1192.644	0.600
40	15776.452	1321.987	0.600
41	14509.509	1053.871	0.600
42	14509.509	1053.871	0.600
43	15053.720	1449.391	0.600
44	14700.715	1233.842	0.600
45	17404.598	1439.639	0.600
46	17404.598	1439.639	0.600
47	17404.598	1439.639	0.600
48	17404.598	1439.639	0.600
49	17404.598	1439.639	0.600
1	12159.536	905.123	0.620
2	13205.055	1021.156	0.620
3	15092.501	1130.318	0.620
4	20614.982	1703.058	0.620
5	15048.863	1158.217	0.620
6	14663.810	1108.270	0.620
7	14058.369	1024.954	0.620
8	14010.514	1023.105	0.620
9	12077.557	905.427	0.620
10	14150.995	1002.545	0.620
11	13889.590	931.006	0.620
12	13097.325	980.354	0.620
13	14029.830	948.353	0.620
14	14218.195	967.312	0.620
15	19905.166	1720.103	0.620
16	19750.424	1540.710	0.620
17	19182.924	1417.674	0.620
18	15085.545	1123.835	0.620
19	17640.201	1517.782	0.620
20	14056.258	1061.580	0.620
21	17592.523	1577.316	0.620
22	15310.240	1449.360	0.620
23	13469.175	1201.665	0.620
24	15160.555	1204.622	0.620
25	13200.561	878.696	0.620
26	14108.950	874.207	0.620
27	14069.874	950.656	0.620
28	14873.342	1069.354	0.620
29	15446.485	1258.051	0.620
30	17229.909	1252.984	0.620
31	13361.672	815.395	0.620
32	14186.642	985.084	0.620
33	14356.029	1076.281	0.620
34	15356.072	1271.778	0.620
35	13417.000	1133.023	0.620
36	14936.341	1098.204	0.620
37	15112.702	1158.830	0.620
38	15112.702	1158.830	0.620
39	14979.490	1133.012	0.620
40	16302.333	1255.888	0.620
41	14993.159	1001.177	0.620
42	14993.159	1001.177	0.620
43	15555.510	1376.922	0.620
44	15190.738	1172.149	0.620
45	17984.752	1367.658	0.620
46	17984.752	1367.658	0.620
47	17984.752	1367.658	0.620
48	17984.752	1367.658	0.620
49	17984.752	1367.658	0.620
1	12551.779	857.485	0.640
2	13631.024	967.411	0.640
3	15579.356	1070.828	0.640
4	21279.981	1613.423	0.640
5	15534.310	1097.258	0.640
6	15136.836	1049.940	0.640
7	14511.865	971.009	0.640
8	14462.466	969.258	0.640
9	12467.156	857.773	0.640
10	14607.479	949.780	0.640
11	14337.641	882.005	0.640
12	13519.820	928.757	0.640
13	14482.405	898.440	0.640
14	14676.847	916.401	0.640
15	20547.268	1629.571	0.640
16	20387.534	1459.620	0.640
17	19801.728	1343.060	0.640
18	15572.176	1064.686	0.640
19	18209.239	1437.899	0.640
20	14509.686	1005.707	0.640
21	18160.024	1494.299	0.640
22	15804.118	1373.078	0.640
23	13903.665	1138.419	0.640
24	15649.605	1141.221	0.640
25	13626.385	832.449	0.640
26	14564.077	828.196	0.640
27	14523.741	900.622	0.640
28	15353.127	1013.072	0.640
29	15944.759	1191.838	0.640
30	17785.713	1187.038	0.640
31	13792.693	772.479	0.640
32	14644.276	933.237	0.640
33	14819.127	1019.635	0.640
34	15851.430	1204.843	0.640
35	13849.806	1073.390	0.640
36	15418.159	1040.404	0.640
37	15600.208	1097.839	0.640
38	15600.208	1097.839	0.640
39	15462.700	1073.380	0.640
40	16828.215	1189.788	0.640
41	15476.809	948.484	0.640
42	15476.809	948.484	0.640
43	16057.301	1304.452	0.640
44	15680.762	1110.457	0.640
45	18564.905	1295.676	0.640
46	18564.905	1295.676	0.640
47	18564.905	1295.676	0.640
48	18564.905	1295.676	0.640
49	18564.905	1295.676	0.640
1	12944.022	809.847	0.660
2	14056.994	913.666	0.660
3	16066.210	1011.337	0.660
4	21944.981	1523.788	0.660
5	16019.757	1036.300	0.660
6	15609.863	991.610	0.660
7	14965.361	917.064	0.660
8	14914.418	915.410	0.660
9	12856.755	810.119	0.660
10	15063.962	897.014	0.660
11	14785.692	833.005	0.660
12	13942.314	877.159	0.660
13	14934.980	848.527	0.660
14	15135.498	865.490	0.660
15	21189.370	1539.039	0.660
16	21024.645	1378.530	0.660
17	20420.532	1268.445	0.660
18	16058.806	1005.536	0.660
19	18778.278	1358.015	0.660
20	14963.113	949.835	0.660
21	18727.524	1411.283	0.660
22	16297.997	1296.795	0.660
23	14338.154	1075.174	0.660
24	16138.655	1077.820	0.660
25	14052.210	786.202	0.660
26	15019.204	782.185	0.660
27	14977.608	850.587	0.660
28	15832.913	956.791	0.660
29	16443.033	1125.625	0.660
30	18341.516	1121.091	0.660
31	14223.715	729.564	0.660
32	15101.909	881.391	0.660
33	15282.224	962.989	0.660
34	16346.787	1137.907	0.660
35	14282.613	1013.757	0.660
36	15899.976	982.603	0.660
37	16087.715	1036.848	0.660
38	16087.715	1036.848	0.660
39	15945.909	1013.747	0.660
40	17354.097	1123.689	0.660
41	15960.459	895.790	0.660
42	15960.459	895.790	0.660
43	16559.092	1231.983	0.660
44	16170.786	1048.765	0.660
45	19145.058	1223.694	0.660
46	19145.058	1223.694	0.660
47	19145.058	1223.694	0.660
48	19145.058	1223.694	0.660
49	19145.058	1223.694	0.660
1	13336.265	762.209	0.680
2	14482.963	859.921	0.680
3	16553.065	951.847	0.680
4	22609.980	1434.154	0.680
5	16505.205	975.341	0.680
6	16082.889	933.280	0.680
7	15418.856	863.119	0.680
8	15366.370	861.562	0.680
9	13246.353	762.465	0.680
10	15520.446	844.249	0.680
11	15233.744	784.005	0.680
12	14364.808	825.561	0.680
13	15387.556	798.613	0.680
14	15594.150	814.579	0.680
15	21831.472	1448.508	0.680
16	21661.755	1297.440	0.680
17	21039.336	1193.831	0.680
18	16545.437	946.387	0.680
19	19347.317	1278.132	0.680
20	15416.541	893.962	0.680
21	19295.025	1328.266	0.680
22	16791.876	1220.513	0.680
23	14772.644	1011.928	0.680
24	16627.705	1014.419	0.680
25	14478.034	739.954	0.680
26	15474.332	736.174	0.680
27	15431.475	800.553	0.680
28	16312.698	900.509	0.680
29	16941.307	1059.412	0.680
30	18897.320	1055.145	0.680
31	14654.737	686.648	0.680
32	15559.543	829.544	0.680
33	15745.322	906.342	0.680
34	16842.144	1070.971	0.680
35	14715.419	954.124	0.680
36	16381.794	924.803	0.680
37	16575.221	975.857	0.680
38	16575.221	975.857	0.680
39	16429.118	954.115	0.680
40	17879.978	1057.590	0.680
41	16444.110	843.097	0.680
42	16444.110	843.097	0.680
43	17060.882	1159.513	0.680
44	16660.810	987.073	0.680
45	19725.211	1151.712	0.680
46	19725.211	1151.712	0.680
47	19725.211	1151.712	0.680
48	19725.211	1151.712	0.680
49	19725.211	1151.712	0.680
1	13728.508	714.570	0.700
2	14908.933	806.176	0.700
3	17039.920	892.357	0.700
4	23274.980	1344.519	0.700
5	16990.652	914.382	0.700
6	16555.915	874.950	0.700
7	15872.352	809.174	0.700
8	15818.322	807.715	0.700
9	13635.952	714.811	0.700
10	15976.930	791.483	0.700
11	15681.795	735.005	0.700
12	14787.303	773.964	0.700
13	15840.131	748.700	0.700
14	16052.801	763.668	0.700
15	22473.574	1357.976	0.700
16	22298.866	1216.350	0.700
17	21658.140	1119.216	0.700
18	17032.067	887.238	0.700
19	19916.355	1198.249	0.700
20	15869.969	838.089	0.700
21	19862.526	1245.249	0.700
22	17285.754	1144.231	0.700
23	15207.133	948.683	0.700
24	17116.756	951.018	0.700
25	14903.859	693.707	0.700
26	15311.294	937.160	0.700
27	16792.483	844.227	0.700
28	17439.580	993.198	0.700
29	19453.123	989.198	0.700
30	18594.361	1074.909	0.700
31	15101.721	698.218	0.700
32	18331.118	1013.337	0.700
33	16163.300	718.737	0.700
34	15714.037	800.839	0.700
35	15714.037	800.839	0.700
36	15178.089	678.587	0.700
37	15085.758	643.733	0.700
38	14724.796	631.535	0.700
39	16208.420	849.696	0.700
40	17337.501	1004.036	0.700
41	15148.226	894.492	0.700
42	16863.611	867.003	0.700
43	17117.026	829.122	0.700
44	17117.026	829.122	0.700
45	17117.026	829.122	0.700
46	18405.860	991.490	0.700
47	16927.760	790.403	0.700
48	16927.760	790.403	0.700
49	17562.673	1087.044	0.700
1	14120.751	666.932	0.720
2	15334.902	752.431	0.720
3	17526.775	832.866	0.720
4	23939.979	1254.884	0.720
5	17476.099	853.423	0.720
6	17028.941	816.620	0.720
7	16325.848	755.229	0.720
8	16270.274	753.867	0.720
9	14025.550	667.157	0.720
10	16433.413	738.718	0.720
11	16129.846	686.004	0.720
12	15209.797	722.366	0.720
13	16292.706	698.787	0.720
14	16511.453	712.756	0.720
15	23115.676	1267.444	0.720
16	22935.976	1135.260	0.720
17	22276.944	1044.602	0.720
18	17518.698	828.089	0.720
19	20485.394	1118.366	0.720
20	16323.396	782.217	0.720
21	20430.027	1162.233	0.720
22	17779.633	1067.949	0.720
23	15641.623	885.437	0.720
24	17605.806	887.617	0.720
25	15329.683	647.460	0.720
26	15748.759	874.683	0.720
27	17272.268	787.945	0.720
28	17937.854	926.985	0.720
29	20008.927	923.252	0.720
30	19125.628	1003.248	0.720
31	15533.199	651.670	0.720
32	18854.864	945.781	0.720
33	16625.109	670.821	0.720
34	15516.780	600.817	0.720
35	15145.504	589.432	0.720
36	16671.518	793.050	0.720
37	17832.858	937.100	0.720
38	15581.032	834.859	0.720
39	17345.428	809.203	0.720
40	17606.084	773.847	0.720
41	17606.084	773.847	0.720
42	17606.084	773.847	0.720
43	18931.742	925.391	0.720
44	17411.410	737.710	0.720
45	17411.410	737.710	0.720
46	18064.463	1014.574	0.720
47	17640.857	863.689	0.720
48	17429.582	962.466	0.720
49	17429.582	962.466	0.720
1	14512.994	619.294	0.740
2	15760.872	698.686	0.740
3	18013.630	773.376	0.740
4	24604.978	1165.250	0.740
5	17961.546	792.464	0.740
6	17501.967	758.290	0.740
7	16779.344	701.284	0.740
8	16722.226	700.019	0.740
9	14415.149	619.503	0.740
10	16889.897	685.952	0.740
11	16577.898	637.004	0.740
12	15632.292	670.769	0.740
13	16745.281	648.873	0.740
14	16970.104	661.845	0.740
15	23757.778	1176.913	0.740
16	23573.087	1054.170	0.740
17	22895.748	969.988	0.740
18	18005.328	768.940	0.740
19	21054.433	1038.482	0.740
20	16776.824	726.344	0.740
21	20997.527	1079.216	0.740
22	18273.512	991.667	0.740
23	16076.112	822.192	0.740
24	18094.856	824.215	0.740
25	15755.508	601.213	0.740
26	16186.225	812.206	0.740
27	17752.054	731.663	0.740
28	18436.128	860.772	0.740
29	20564.730	857.305	0.740
30	19656.896	931.588	0.740
31	15964.676	605.122	0.740
32	19378.611	878.226	0.740
33	17086.917	622.905	0.740
34	15947.802	557.902	0.740
35	15566.212	547.330	0.740
36	17134.615	736.403	0.740
37	18328.216	870.164	0.740
38	16013.839	775.226	0.740
39	17827.246	751.403	0.740
40	18095.142	718.572	0.740
41	18095.142	718.572	0.740
42	18095.142	718.572	0.740
43	19457.624	859.292	0.740
44	17895.061	685.016	0.740
45	17895.061	685.016	0.740
46	18566.254	942.104	0.740
47	18130.881	801.997	0.740
48	17913.737	893.718	0.740
49	17913.737	893.718	0.740
1	14905.237	571.656	0.760
2	16186.841	644.941	0.760
3	18500.485	713.885	0.760
4	25269.978	1075.615	0.760
5	18446.993	731.506	0.760
6	17974.993	699.960	0.760
7	17232.840	647.339	0.760
8	17174.178	646.172	0.760
9	14804.748	571.849	0.760
10	17346.381	633.187	0.760
11	17025.949	588.004	0.760
12	16054.786	619.171	0.760
13	17197.856	598.960	0.760
14	17428.756	610.934	0.760
15	24399.881	1086.381	0.760
16	24210.197	973.080	0.760
17	23514.552	895.373	0.760
18	18491.959	709.790	0.760
19	21623.472	958.599	0.760
20	17230.252	670.472	0.760
21	21565.028	996.199	0.760
22	18767.391	915.385	0.760
23	16510.602	758.946	0.760
24	18583.906	760.814	0.760
25	16181.333	554.966	0.760
26	16623.691	749.728	0.760
27	18231.839	675.382	0.760
28	18934.402	794.559	0.760
29	21120.534	791.359	0.760
30	20188.163	859.927	0.760
31	16396.154	558.574	0.760
32	19902.357	810.670	0.760
33	17548.726	574.990	0.760
34	16378.823	514.986	0.760
35	15986.921	505.228	0.760
36	17597.713	679.757	0.760
37	18823.573	803.229	0.760
38	16446.645	715.593	0.760
39	18309.063	693.602	0.760
40	18584.200	663.297	0.760
41	18584.200	663.297	0.760
42	18584.200	663.297	0.760
43	19983.505	793.192	0.760
44	18378.711	632.322	0.760
45	18378.711	632.322	0.760
46	19068.045	869.635	0.760
47	18620.905	740.305	0.760
48	18397.892	824.971	0.760
49	18397.892	824.971	0.760
1	15297.480	524.018	0.780
2	16612.811	591.196	0.780
3	18987.340	654.395	0.780
4	25934.977	985.981	0.780
5	18932.441	670.547	0.780
6	18448.019	641.630	0.780
7	17686.335	593.395	0.780
8	17626.130	592.324	0.780
9	15194.346	524.194	0.780
10	17802.864	580.421	0.780
11	17474.000	539.003	0.780
12	16477.280	567.573	0.780
13	17650.431	549.047	0.780
14	17887.407	560.023	0.780
15	25041.983	995.849	0.780
16	24847.307	891.990	0.780
17	24133.356	820.759	0.780
18	18978.589	650.641	0.780
19	22192.510	878.716	0.780
20	17683.680	614.599	0.780
21	22132.529	913.183	0.780
22	19261.269	839.103	0.780
23	16945.091	695.701	0.780
24	19072.956	697.413	0.780
25	17763.457	604.808	0.780
26	17882.571	612.734	0.780
27	19318.930	736.293	0.780
28	17408.927	535.710	0.780
29	16879.452	655.961	0.780
30	17812.965	521.354	0.780
31	18060.811	623.110	0.780
32	22420.586	807.434	0.780
33	19051.791	612.375	0.780
34	16809.845	472.071	0.780
35	16809.845	472.071	0.780
36	16809.845	472.071	0.780
37	19916.021	668.506	0.780
38	19916.021	668.506	0.780
39	19916.021	668.506	0.780
40	18829.394	658.168	0.780
41	18829.394	658.168	0.780
42	18829.394	658.168	0.780
43	18829.394	658.168	0.780
44	18829.394	658.168	0.780
45	18829.394	658.168	0.780
46	18829.394	658.168	0.780
47	18829.394	658.168	0.780
48	18829.394	658.168	0.780
49	18829.394	658.168	0.780
1	15689.724	476.380	0.800
2	17038.780	537.451	0.800
3	19474.195	594.904	0.800
4	26599.977	896.346	0.800
5	19417.888	609.588	0.800
6	18921.046	583.300	0.800
7	18139.831	539.450	0.800
8	18078.082	538.476	0.800
9	15583.945	476.540	0.800
10	18259.348	527.655	0.800
11	17922.051	490.003	0.800
12	16899.775	515.976	0.800
13	18103.007	499.133	0.800
14	18346.058	509.112	0.800
15	25684.085	905.317	0.800
16	25484.418	810.900	0.800
17	24752.160	746.144	0.800
18	19465.220	591.492	0.800
19	22761.549	798.833	0.800
20	18137.107	558.726	0.800
21	22700.030	830.166	0.800
22	19755.148	762.821	0.800
23	17379.581	632.455	0.800
24	19562.006	634.012	0.800
25	18218.930	549.825	0.800
26	18341.099	557.031	0.800
27	19814.287	669.357	0.800
28	17855.310	487.009	0.800
29	17312.258	596.328	0.800
30	18269.708	473.958	0.800
31	18523.908	566.464	0.800
32	22995.473	734.031	0.800
33	19540.299	556.705	0.800
34	17240.867	429.155	0.800
35	17240.867	429.155	0.800
36	17240.867	429.155	0.800
37	20426.688	607.732	0.800
38	20426.688	607.732	0.800
39	20426.688	607.732	0.800
40	19312.199	598.334	0.800
41	19312.199	598.334	0.800
42	19312.199	598.334	0.800
43	19312.199	598.334	0.800
44	19312.199	598.334	0.800
45	19312.199	598.334	0.800
46	19312.199	598.334	0.800
47	19312.199	598.334	0.800
48	19312.199	598.334	0.800
49	19312.199	598.334	0.800
1	16081.967	428.742	0.820
2	17464.750	483.706	0.820
3	19961.049	535.414	0.820
4	27264.976	806.711	0.820
5	19903.335	548.629	0.820
6	19394.072	524.970	0.820
7	18593.327	485.505	0.820
8	18530.034	484.629	0.820
9	15973.543	428.886	0.820
10	18715.832	474.890	0.820
11	18370.103	441.003	0.820
12	17322.269	464.378	0.820
13	18555.582	449.220	0.820
14	18804.710	458.201	0.820
15	26326.187	814.786	0.820
16	26121.528	729.810	0.820
17	25370.964	671.530	0.820
18	19951.850	532.343	0.820
19	23330.588	718.949	0.820
20	18590.535	502.854	0.820
21	23267.530	747.150	0.820
22	20249.027	686.539	0.820
23	17814.070	569.210	0.820
24	20051.057	570.611	0.820
25	18674.404	494.843	0.820
26	18799.626	501.328	0.820
27	20309.644	602.421	0.820
28	18301.693	438.309	0.820
29	17745.065	536.695	0.820
30	18726.451	426.562	0.820
31	18987.006	509.818	0.820
32	23570.359	660.628	0.820
33	20028.806	501.034	0.820
34	17671.888	386.240	0.820
35	17671.888	386.240	0.820
36	17671.888	386.240	0.820
37	20937.355	546.959	0.820
38	20937.355	546.959	0.820
39	20937.355	546.959	0.820
40	19795.004	538.501	0.820
41	19795.004	538.501	0.820
42	19795.004	538.501	0.820
43	19795.004	538.501	0.820
44	19795.004	538.501	0.820
45	19795.004	538.501	0.820
46	19795.004	538.501	0.820
47	19795.004	538.501	0.820
48	19795.004	538.501	0.820
49	19795.004	538.501	0.820
1	16474.210	381.104	0.840
2	17890.719	429.961	0.840
3	20447.904	475.924	0.840
4	27929.976	717.077	0.840
5	20388.782	487.670	0.840
6	19867.098	466.640	0.840
7	19046.823	431.560	0.840
8	18981.986	430.781	0.840
9	16363.142	381.232	0.840
10	19172.316	422.124	0.840
11	18818.154	392.002	0.840
12	17744.763	412.781	0.840
13	19008.157	399.307	0.840
14	19263.361	407.289	0.840
15	26968.289	724.254	0.840
16	26758.639	648.720	0.840
17	25989.768	596.915	0.840
18	20438.481	473.194	0.840
19	23899.627	639.066	0.840
20	19043.963	446.981	0.840
21	23835.031	664.133	0.840
22	20742.905	610.257	0.840
23	18248.560	505.964	0.840
24	20540.107	507.209	0.840
25	19129.877	439.860	0.840
26	19258.154	445.625	0.840
27	20805.001	535.486	0.840
28	18748.076	389.608	0.840
29	18177.871	477.062	0.840
30	19183.193	379.166	0.840
31	19450.104	453.171	0.840
32	24145.246	587.225	0.840
33	20517.314	445.364	0.840
34	18102.910	343.324	0.840
35	18102.910	343.324	0.840
36	18102.910	343.324	0.840
37	21448.022	486.186	0.840
38	21448.022	486.186	0.840
39	21448.022	486.186	0.840
40	20277.809	478.667	0.840
41	20277.809	478.667	0.840
42	20277.809	478.667	0.840
43	20277.809	478.667	0.840
44	20277.809	478.667	0.840
45	20277.809	478.667	0.840
46	20277.809	478.667	0.840
47	20277.809	478.667	0.840
48	20277.809	478.667	0.840
49	20277.809	478.667	0.840
1	16866.453	333.466	0.860
2	18316.689	376.215	0.860
3	20934.759	416.433	0.860
4	28594.975	627.442	0.860
5	20874.229	426.712	0.860
6	20340.124	408.310	0.860
7	19500.318	377.615	0.860
8	19433.938	376.933	0.860
9	16752.741	333.578	0.860
10	19628.799	369.359	0.860
11	19266.205	343.002	0.860
12	18167.258	361.183	0.860
13	19460.732	349.393	0.860
14	19722.013	356.378	0.860
15	27610.391	633.722	0.860
16	27395.749	567.630	0.860
17	26608.572	522.301	0.860
18	20925.111	414.044	0.860
19	24468.665	559.183	0.860
20	19497.390	391.108	0.860
21	24402.532	581.116	0.860
22	21236.784	533.975	0.860
23	18683.049	442.719	0.860
24	21029.157	443.808	0.860
25	19585.350	384.878	0.860
26	19716.681	389.922	0.860
27	21300.359	468.550	0.860
28	19194.458	340.907	0.860
29	18610.677	417.429	0.860
30	19639.936	331.771	0.860
31	19913.202	396.525	0.860
32	24720.133	513.822	0.860
33	21005.821	389.693	0.860
34	18533.932	300.409	0.860
35	18533.932	300.409	0.860
36	18533.932	300.409	0.860
37	21958.689	425.413	0.860
38	21958.689	425.413	0.860
39	21958.689	425.413	0.860
40	20760.614	418.834	0.860
41	20760.614	418.834	0.860
42	20760.614	418.834	0.860
43	20760.614	418.834	0.860
44	20760.614	418.834	0.860
45	20760.614	418.834	0.860
46	20760.614	418.834	0.860
47	20760.614	418.834	0.860
48	20760.614	418.834	0.860
49	20760.614	418.834	0.860
1	17258.696	285.828	0.880
2	18742.658	322.470	0.880
3	21421.614	356.943	0.880
4	29259.974	537.808	0.880
5	21359.677	365.753	0.880
6	20813.150	349.980	0.880
7	19953.814	323.670	0.880
8	19885.890	323.086	0.880
9	17142.339	285.924	0.880
10	20085.283	316.593	0.880
11	19714.257	294.002	0.880
12	18589.752	309.586	0.880
13	19913.307	299.480	0.880
14	20180.664	305.467	0.880
15	28252.493	543.190	0.880
16	28032.860	486.540	0.880
17	27227.376	447.687	0.880
18	21411.742	354.895	0.880
19	25037.704	479.300	0.880
20	19950.818	335.236	0.880
21	24970.033	498.100	0.880
22	21730.663	457.693	0.880
23	19117.539	379.473	0.880
24	21518.207	380.407	0.880
25	20040.823	329.895	0.880
26	20175.209	334.219	0.880
27	21795.716	401.614	0.880
28	19640.841	292.206	0.880
29	19043.484	357.797	0.880
30	20096.679	284.375	0.880
31	20376.299	339.878	0.880
32	25295.020	440.418	0.880
33	21494.329	334.023	0.880
34	18964.953	257.493	0.880
35	18964.953	257.493	0.880
36	18964.953	257.493	0.880
37	22469.357	364.639	0.880
38	22469.357	364.639	0.880
39	22469.357	364.639	0.880
40	21243.419	359.001	0.880
41	21243.419	359.001	0.880
42	21243.419	359.001	0.880
43	21243.419	359.001	0.880
44	21243.419	359.001	0.880
45	21243.419	359.001	0.880
46	21243.419	359.001	0.880
47	21243.419	359.001	0.880
48	21243.419	359.001	0.880
49	21243.419	359.001	0.880
1	17650.939	238.190	0.900
2	19168.628	268.725	0.900
3	21908.469	297.452	0.900
4	29924.974	448.173	0.900
5	21845.124	304.794	0.900
6	21286.176	291.650	0.900
7	20407.310	269.725	0.900
8	20337.843	269.238	0.900
9	17531.938	238.270	0.900
10	20541.767	263.828	0.900
11	20162.308	245.002	0.900
12	19012.246	257.988	0.900
13	20365.882	249.567	0.900
14	20639.316	254.556	0.900
15	28894.595	452.659	0.900
16	28669.970	405.450	0.900
17	27846.180	373.072	0.900
18	21898.372	295.746	0.900
19	25606.743	399.416	0.900
20	20404.246	279.363	0.900
21	25537.533	415.083	0.900
22	22224.541	381.410	0.900
23	19552.028	316.228	0.900
24	22007.257	317.006	0.900
25	20496.297	274.913	0.900
26	20633.736	278.516	0.900
27	22291.073	334.679	0.900
28	20087.224	243.505	0.900
29	19476.290	298.164	0.900
30	20553.422	236.979	0.900
31	20839.397	283.232	0.900
32	25869.907	367.015	0.900
33	21982.836	278.352	0.900
34	19395.975	214.578	0.900
35	19395.975	214.578	0.900
36	19395.975	214.578	0.900
37	22980.024	303.866	0.900
38	22980.024	303.866	0.900
39	22980.024	303.866	0.900
40	21726.223	299.167	0.900
41	21726.223	299.167	0.900
42	21726.223	299.167	0.900
43	21726.223	299.167	0.900
44	21726.223	299.167	0.900
45	21726.223	299.167	0.900
46	21726.223	299.167	0.900
47	21726.223	299.167	0.900
48	21726.223	299.167	0.900
49	21726.223	299.167	0.900
1	18043.182	190.552	0.920
2	19594.597	214.980	0.920
3	22395.324	237.962	0.920
4	30589.973	358.538	0.920
5	22330.571	243.835	0.920
6	21759.202	233.320	0.920
7	20860.806	215.780	0.920
8	20789.795	215.391	0.920
9	17921.537	190.616	0.920
10	20998.250	211.062	0.920
11	20610.359	196.001	0.920
12	19434.741	206.390	0.920
13	20818.458	199.653	0.920
14	21097.967	203.645	0.920
15	29536.698	362.127	0.920
16	29307.081	324.360	0.920
17	28464.984	298.458	0.920
18	22385.003	236.597	0.920
19	26175.781	319.533	0.920
20	20857.673	223.491	0.920
21	26105.034	332.066	0.920
22	22718.420	305.128	0.920
23	19986.518	252.982	0.920
24	22496.307	253.605	0.920
25	20951.770	219.930	0.920
26	21092.264	222.813	0.920
27	22786.430	267.743	0.920
28	20533.607	194.804	0.920
29	19909.097	238.531	0.920
30	21010.164	189.583	0.920
31	21302.495	226.586	0.920
32	26444.794	293.612	0.920
33	22471.343	222.682	0.920
34	19826.997	171.662	0.920
35	19826.997	171.662	0.920
36	19826.997	171.662	0.920
37	23490.691	243.093	0.920
38	23490.691	243.093	0.920
39	23490.691	243.093	0.920
40	22209.028	239.334	0.920
41	22209.028	239.334	0.920
42	22209.028	239.334	0.920
43	22209.028	239.334	0.920
44	22209.028	239.334	0.920
45	22209.028	239.334	0.920
46	22209.028	239.334	0.920
47	22209.028	239.334	0.920
48	22209.028	239.334	0.920
49	22209.028	239.334	0.920
1	18435.425	142.914	0.940
2	20020.567	161.235	0.940
3	22882.179	178.471	0.940
4	31254.973	268.904	0.940
5	22816.018	182.876	0.940
6	22232.228	174.990	0.940
7	21314.302	161.835	0.940
8	21241.747	161.543	0.940
9	18311.135	142.962	0.940
10	21454.734	158.297	0.940
11	21058.410	147.001	0.940
12	19857.235	154.793	0.940
13	21271.033	149.740	0.940
14	21556.619	152.734	0.940
15	30178.800	271.595	0.940
16	29944.191	243.270	0.940
17	29083.788	223.843	0.940
18	22871.633	177.448	0.940
19	26744.820	239.650	0.940
20	21311.101	167.618	0.940
21	26672.535	249.050	0.940
22	23212.299	228.846	0.940
23	20421.007	189.737	0.940
24	22985.358	190.204	0.940
25	21407.243	164.948	0.940
26	21550.791	167.109	0.940
27	23281.787	200.807	0.940
28	20979.989	146.103	0.940
29	20341.903	178.898	0.940
30	21466.907	142.187	0.940
31	21765.592	169.939	0.940
32	27019.680	220.209	0.940
33	22959.851	167.011	0.940
34	20258.018	128.747	0.940
35	20258.018	128.747	0.940
36	20258.018	128.747	0.940
37	24001.358	182.320	0.940
38	24001.358	182.320	0.940
39	24001.358	182.320	0.940
40	22691.833	179.500	0.940
41	22691.833	179.500	0.940
42	22691.833	179.500	0.940
43	22691.833	179.500	0.940
44	22691.833	179.500	0.940
45	22691.833	179.500	0.940
46	22691.833	179.500	0.940
47	22691.833	179.500	0.940
48	22691.833	179.500	0.940
49	22691.833	179.500	0.940
1	18827.668	95.276	0.960
2	20446.536	107.490	0.960
3	23369.033	118.981	0.960
4	31919.972	179.269	0.960
5	23301.465	121.918	0.960
6	22705.255	116.660	0.960
7	21767.797	107.890	0.960
8	21693.699	107.695	0.960
9	18700.734	95.308	0.960
10	21911.218	105.531	0.960
11	21506.462	98.001	0.960
12	20279.730	103.195	0.960
13	21723.608	99.827	0.960
14	22015.270	101.822	0.960
15	30820.902	181.063	0.960
16	30581.301	162.180	0.960
17	29702.592	149.229	0.960
18	23358.264	118.298	0.960
19	27313.859	159.767	0.960
20	21764.529	111.745	0.960
21	27240.036	166.033	0.960
22	23706.178	152.564	0.960
23	20855.497	126.491	0.960
24	23474.408	126.802	0.960
25	21862.716	109.965	0.960
26	22009.319	111.406	0.960
27	23777.145	133.871	0.960
28	21426.372	97.402	0.960
29	20774.710	119.266	0.960
30	21923.650	94.792	0.960
31	22228.690	113.293	0.960
32	27594.567	146.806	0.960
33	23448.358	111.341	0.960
34	20689.040	85.831	0.960
35	20689.040	85.831	0.960
36	20689.040	85.831	0.960
37	24512.025	121.546	0.960
38	24512.025	121.546	0.960
39	24512.025	121.546	0.960
40	23174.638	119.667	0.960
41	23174.638	119.667	0.960
42	23174.638	119.667	0.960
43	23174.638	119.667	0.960
44	23174.638	119.667	0.960
45	23174.638	119.667	0.960
46	23174.638	119.667	0.960
47	23174.638	119.667	0.960
48	23174.638	119.667	0.960
49	23174.638	119.667	0.960
1	19219.911	47.638	0.980
2	20872.506	53.745	0.980
3	23855.888	59.490	0.980
4	32584.971	89.635	0.980
5	23786.913	60.959	0.980
6	23178.281	58.330	0.980
7	22221.293	53.945	0.980
8	22145.651	53.848	0.980
9	19090.332	47.654	0.980
10	22367.702	52.766	0.980
11	21954.513	49.000	0.980
12	20702.224	51.598	0.980
13	22176.183	49.913	0.980
14	22473.922	50.911	0.980
15	31463.004	90.532	0.980
16	31218.412	81.090	0.980
17	30321.396	74.614	0.980
18	23844.894	59.149	0.980
19	27882.898	79.883	0.980
20	22217.956	55.873	0.980
21	27807.536	83.017	0.980
22	24200.056	76.282	0.980
23	21289.987	63.246	0.980
24	23963.458	63.401	0.980
25	22318.190	54.983	0.980
26	22467.846	55.703	0.980
27	24272.502	66.936	0.980
28	21872.755	48.701	0.980
29	21207.516	59.633	0.980
30	22380.392	47.396	0.980
31	22691.788	56.646	0.980
32	28169.454	73.403	0.980
33	23936.866	55.670	0.980
34	21120.061	42.916	0.980
35	21120.061	42.916	0.980
36	21120.061	42.916	0.980
37	25022.693	60.773	0.980
38	25022.693	60.773	0.980
39	25022.693	60.773	0.980
40	23657.443	59.833	0.980
41	23657.443	59.833	0.980
42	23657.443	59.833	0.980
43	23657.443	59.833	0.980
44	23657.443	59.833	0.980
45	23657.443	59.833	0.980
46	23657.443	59.833	0.980
47	23657.443	59.833	0.980
48	23657.443	59.833	0.980
49	23657.443	59.833	0.980
1	19612.154	-0.000	1.000
2	21298.475	-0.000	1.000
3	24342.743	-0.000	1.000
4	33249.971	-0.000	1.000
5	24272.360	-0.000	1.000
6	23651.307	-0.000	1.000
7	22674.789	-0.000	1.000
8	22597.603	-0.000	1.000
9	19479.931	-0.000	1.000
10	22824.185	-0.000	1.000
11	22402.564	-0.000	1.000
12	21124.718	-0.000	1.000
13	22628.758	-0.000	1.000
14	22932.573	-0.000	1.000
15	32105.106	-0.000	1.000
16	31855.522	-0.000	1.000
17	30940.200	-0.000	1.000
18	24331.525	-0.000	1.000
19	28451.936	-0.000	1.000
20	22671.384	-0.000	1.000
21	28375.037	-0.000	1.000
22	24693.935	-0.000	1.000
23	21724.476	-0.000	1.000
24	24452.508	-0.000	1.000
25	22773.663	-0.000	1.000
26	22926.373	-0.000	1.000
27	24767.859	-0.000	1.000
28	22319.138	-0.000	1.000
29	21640.323	-0.000	1.000
30	22837.135	-0.000	1.000
31	23154.885	-0.000	1.000
32	28744.341	-0.000	1.000
33	24425.373	-0.000	1.000
34	21551.083	-0.000	1.000
35	21551.083	-0.000	1.000
36	21551.083	-0.000	1.000
37	25533.360	-0.000	1.000
38	25533.360	-0.000	1.000
39	25533.360	-0.000	1.000
40	24140.248	-0.000	1.000
41	24140.248	-0.000	1.000
42	24140.248	-0.000	1.000
43	24140.248	-0.000	1.000
44	24140.248	-0.000	1.000
45	24140.248	-0.000	1.000
46	24140.248	-0.000	1.000
47	24140.248	-0.000	1.000
48	24140.248	-0.000	1.000
49	24140.248	-0.000	1.000
