Plants	Suppliers	Scenarios		
5	10		10	
Transportation costs in local currency				
2.99	9.3	2.4	9.77	2.08
3.17	1.79	6.92	10.91	5.95
6.29	8.08	7.95	6.85	3.93
1.13	10.75	9.6	3.15	10.54
5.22	2.47	10.41	1.9	8.37
8.8	1.8	7.87	3.98	5.78
1.27	3.13	3.94	10.86	10.3
4.7	1.85	7.11	7.32	8.2
6.07	9.02	8.17	9.11	10.34
5.61	7.23	3.82	5.39	1.64
Supplier capacity and fixed cost (in local currency)				
160	8861.57			
203	7761.44			
203	7233.88								
264	6087.2								
226	4493.2								
100	9842.47								
179	5016.05								
287	4714.48								
246	3015.95								
116	11744.91								
Demand scenarios									
95	103	142	139	111	65	102	113	67	53
147	127	110	117	119	129	143	86	73	109
91	101	112	146	75	98	133	109	126	103
92	116	103	79	102	61	71	62	97	145
102	80	124	108	113	143	62	127	146	75
Exchange rate scenarios									
0.59	1.33	0.66	0.51	1.01	1.48	0.65	1.36	0.94	1.07
1.49	0.81	0.51	1.13	1.38	1.45	1.27	0.94	0.95	0.99
1.09	1.27	1.12	0.8	1.18	0.87	1.31	1.15	1.39	1.15
1	0.84	0.7	0.57	0.71	0.72	0.98	0.97	0.57	1.21
0.88	0.78	1.38	0.9	0.93	1.33	1.16	1.06	1.31	1.46
0.74	1.39	0.69	0.91	0.94	1.19	1.11	1.36	1.17	0.55
0.54	1.22	1.19	0.86	0.89	0.92	0.78	1.5	0.56	0.91
0.82	0.79	1.04	0.71	1.25	1.44	0.99	0.59	1.34	1.03
0.67	0.83	0.75	1.02	0.58	1.3	0.81	1.32	1.25	1.04
0.98	0.74	1.45	1.32	1.04	0.78	1.26	1.32	1.17	1.27
Probabilities									
0.162	0.073	0.154	0.102	0.076	0.01	0.055	0.109	0.135	0.124
