Iteration	expected_value	risk	lambda
7.000000	0.000000	1363.784000	0.000000
7.000000	0.000000	1363.784000	0.000000
7.000000	182.383000	1350.146000	0.010000
7.000000	364.766000	1336.508000	0.020000
7.000000	547.150000	1322.870000	0.030000
7.000000	729.533000	1309.232000	0.040000
7.000000	911.916000	1295.594000	0.050000
6.000000	2326.808000	1281.955000	0.120000
6.000000	2520.708000	1267.387000	0.130000
6.000000	2714.609000	1252.819000	0.140000
10.000000	3684.112000	1179.981000	0.190000
10.000000	3878.013000	1165.413000	0.200000
10.000000	4071.913000	1150.846000	0.210000
10.000000	4265.814000	1136.278000	0.220000
10.000000	4459.715000	1121.710000	0.230000
10.000000	4653.615000	1107.143000	0.240000
10.000000	4847.516000	1092.575000	0.250000
10.000000	5041.416000	1078.007000	0.260000
10.000000	5235.317000	1063.440000	0.270000
10.000000	5429.218000	1048.872000	0.280000
10.000000	5623.118000	1034.304000	0.290000
10.000000	5817.019000	1019.737000	0.300000
10.000000	6010.920000	1005.169000	0.310000
10.000000	6204.820000	990.601000	0.320000
10.000000	6398.721000	976.034000	0.330000
10.000000	6592.621000	961.466000	0.340000
10.000000	6786.522000	946.898000	0.350000
10.000000	6980.423000	932.331000	0.360000
10.000000	7174.323000	917.763000	0.370000
14.000000	7112.945000	831.908000	0.390000
14.000000	7295.328000	818.270000	0.400000
14.000000	7477.711000	804.632000	0.410000
14.000000	7660.094000	790.995000	0.420000
14.000000	7842.478000	777.357000	0.430000
14.000000	8024.861000	763.719000	0.440000
14.000000	8207.244000	750.081000	0.450000
2.000000	9898.621000	749.019000	0.510000
2.000000	10092.711000	733.733000	0.520000
2.000000	10286.802000	718.447000	0.530000
2.000000	10480.892000	703.161000	0.540000
2.000000	10674.983000	687.875000	0.550000
2.000000	10869.074000	672.588000	0.560000
2.000000	11063.164000	657.302000	0.570000
2.000000	11257.255000	642.016000	0.580000
2.000000	11451.345000	626.730000	0.590000
2.000000	11645.436000	611.444000	0.600000
2.000000	11839.526000	596.158000	0.610000
2.000000	12033.617000	580.872000	0.620000
2.000000	12227.708000	565.586000	0.630000
1.000000	9289.335000	549.976000	0.650000
1.000000	9432.248000	534.262000	0.660000
1.000000	9575.160000	518.549000	0.670000
1.000000	9718.073000	502.835000	0.680000
1.000000	9860.986000	487.121000	0.690000
1.000000	10003.899000	471.408000	0.700000
1.000000	10146.812000	455.694000	0.710000
1.000000	10289.725000	439.981000	0.720000
1.000000	10432.638000	424.267000	0.730000
1.000000	10575.550000	408.553000	0.740000
1.000000	10718.463000	392.840000	0.750000
1.000000	10861.376000	377.126000	0.760000
1.000000	11004.289000	361.413000	0.770000
1.000000	11147.202000	345.699000	0.780000
1.000000	11290.115000	329.985000	0.790000
1.000000	11433.027000	314.272000	0.800000
1.000000	11575.940000	298.558000	0.810000
1.000000	11718.853000	282.845000	0.820000
1.000000	11861.766000	267.131000	0.830000
1.000000	12004.679000	251.417000	0.840000
1.000000	12147.592000	235.704000	0.850000
1.000000	12290.505000	219.990000	0.860000
1.000000	12433.417000	204.277000	0.870000
1.000000	12576.330000	188.563000	0.880000
1.000000	12719.243000	172.850000	0.890000
1.000000	12862.156000	157.136000	0.900000
1.000000	13005.069000	141.422000	0.910000
1.000000	13147.982000	125.709000	0.920000
1.000000	13290.894000	109.995000	0.930000
1.000000	13433.807000	94.282000	0.940000
1.000000	13576.720000	78.568000	0.950000
1.000000	13719.633000	62.854000	0.960000
1.000000	13862.546000	47.141000	0.970000
1.000000	14005.459000	31.427000	0.980000
1.000000	14148.371000	15.714000	0.990000
1.000000	14291.284000	-0.000000	1.000000
2.000000	19409.060000	-0.000000	1.000000
3.000000	25009.921000	-0.000000	1.000000
5.000000	19452.238000	-0.000000	1.000000
6.000000	23249.895000	-0.000000	1.000000
8.000000	22733.153000	-0.000000	1.000000
9.000000	22733.153000	-0.000000	1.000000
10.000000	22733.153000	-0.000000	1.000000
12.000000	16552.557000	-0.000000	1.000000
13.000000	19779.490000	-0.000000	1.000000
15.000000	17936.878000	-0.000000	1.000000
16.000000	23239.777000	-0.000000	1.000000
19.000000	21709.843000	-0.000000	1.000000
21.000000	22170.681000	-0.000000	1.000000
22.000000	22205.466000	-0.000000	1.000000
23.000000	32933.223000	-0.000000	1.000000
26.000000	22426.840000	-0.000000	1.000000
27.000000	22426.840000	-0.000000	1.000000
28.000000	22426.840000	-0.000000	1.000000
29.000000	23512.882000	-0.000000	1.000000
30.000000	24125.632000	-0.000000	1.000000
31.000000	24125.632000	-0.000000	1.000000
32.000000	24125.632000	-0.000000	1.000000
33.000000	24125.632000	-0.000000	1.000000
34.000000	36062.270000	-0.000000	1.000000
35.000000	36062.270000	-0.000000	1.000000
36.000000	36062.270000	-0.000000	1.000000
37.000000	36062.270000	-0.000000	1.000000
38.000000	36062.270000	-0.000000	1.000000
39.000000	36062.270000	-0.000000	1.000000
40.000000	36062.270000	-0.000000	1.000000
41.000000	36062.270000	-0.000000	1.000000
42.000000	36062.270000	-0.000000	1.000000
43.000000	36062.270000	-0.000000	1.000000
44.000000	36062.270000	-0.000000	1.000000
45.000000	36062.270000	-0.000000	1.000000
46.000000	36062.270000	-0.000000	1.000000
47.000000	36062.270000	-0.000000	1.000000
48.000000	36062.270000	-0.000000	1.000000
49.000000	36062.270000	-0.000000	1.000000
50.000000	36062.270000	-0.000000	1.000000
51.000000	36062.270000	-0.000000	1.000000
52.000000	36062.270000	-0.000000	1.000000
53.000000	36062.270000	-0.000000	1.000000
54.000000	36062.270000	-0.000000	1.000000
55.000000	36062.270000	-0.000000	1.000000
56.000000	36062.270000	-0.000000	1.000000
57.000000	36062.270000	-0.000000	1.000000
58.000000	36062.270000	-0.000000	1.000000
59.000000	36062.270000	-0.000000	1.000000
60.000000	36062.270000	-0.000000	1.000000
61.000000	36062.270000	-0.000000	1.000000
62.000000	36062.270000	-0.000000	1.000000
63.000000	36062.270000	-0.000000	1.000000
64.000000	36062.270000	-0.000000	1.000000
65.000000	36062.270000	-0.000000	1.000000
66.000000	36062.270000	-0.000000	1.000000
67.000000	36062.270000	-0.000000	1.000000
68.000000	36062.270000	-0.000000	1.000000
69.000000	36062.270000	-0.000000	1.000000
70.000000	36062.270000	-0.000000	1.000000
71.000000	36062.270000	-0.000000	1.000000
72.000000	36062.270000	-0.000000	1.000000
73.000000	36062.270000	-0.000000	1.000000
74.000000	36062.270000	-0.000000	1.000000
75.000000	36062.270000	-0.000000	1.000000
76.000000	36062.270000	-0.000000	1.000000
77.000000	36062.270000	-0.000000	1.000000
78.000000	36062.270000	-0.000000	1.000000
79.000000	36062.270000	-0.000000	1.000000
80.000000	36062.270000	-0.000000	1.000000
81.000000	36062.270000	-0.000000	1.000000
82.000000	36062.270000	-0.000000	1.000000
83.000000	36062.270000	-0.000000	1.000000
84.000000	36062.270000	-0.000000	1.000000
85.000000	36062.270000	-0.000000	1.000000
86.000000	36062.270000	-0.000000	1.000000
87.000000	36062.270000	-0.000000	1.000000
88.000000	36062.270000	-0.000000	1.000000
89.000000	36062.270000	-0.000000	1.000000
90.000000	36062.270000	-0.000000	1.000000
91.000000	36062.270000	-0.000000	1.000000
92.000000	36062.270000	-0.000000	1.000000
93.000000	36062.270000	-0.000000	1.000000
94.000000	36062.270000	-0.000000	1.000000
95.000000	36062.270000	-0.000000	1.000000
96.000000	36062.270000	-0.000000	1.000000
97.000000	36062.270000	-0.000000	1.000000
98.000000	36062.270000	-0.000000	1.000000
1.000000	14291.284000	-0.000000	1.000000
1.000000	14291.284000	-0.000000	1.000000
1.000000	14291.284000	-0.000000	1.000000
1.000000	14148.371000	15.714000	0.990000
1.000000	14005.459000	31.427000	0.980000
1.000000	13862.546000	47.141000	0.970000
1.000000	13719.633000	62.854000	0.960000
1.000000	13576.720000	78.568000	0.950000
1.000000	13433.807000	94.282000	0.940000
1.000000	13290.894000	109.995000	0.930000
1.000000	13147.982000	125.709000	0.920000
1.000000	13005.069000	141.422000	0.910000
1.000000	12862.156000	157.136000	0.900000
1.000000	12719.243000	172.850000	0.890000
1.000000	12576.330000	188.563000	0.880000
1.000000	12433.417000	204.277000	0.870000
1.000000	12290.505000	219.990000	0.860000
1.000000	12147.592000	235.704000	0.850000
1.000000	12004.679000	251.417000	0.840000
1.000000	11861.766000	267.131000	0.830000
1.000000	11718.853000	282.845000	0.820000
1.000000	11575.940000	298.558000	0.810000
1.000000	11433.027000	314.272000	0.800000
1.000000	11290.115000	329.985000	0.790000
1.000000	11147.202000	345.699000	0.780000
1.000000	11004.289000	361.413000	0.770000
1.000000	10861.376000	377.126000	0.760000
1.000000	10718.463000	392.840000	0.750000
1.000000	10575.550000	408.553000	0.740000
1.000000	10432.638000	424.267000	0.730000
1.000000	10289.725000	439.981000	0.720000
1.000000	10146.812000	455.694000	0.710000
1.000000	10003.899000	471.408000	0.700000
1.000000	9860.986000	487.121000	0.690000
1.000000	9718.073000	502.835000	0.680000
1.000000	9575.160000	518.549000	0.670000
1.000000	9432.248000	534.262000	0.660000
1.000000	9289.335000	549.976000	0.650000
1.000000	9146.422000	565.689000	0.640000
1.000000	9003.509000	581.403000	0.630000
1.000000	8860.596000	597.117000	0.620000
1.000000	8717.683000	612.830000	0.610000
1.000000	8574.771000	628.544000	0.600000
1.000000	8431.858000	644.257000	0.590000
1.000000	8288.945000	659.971000	0.580000
1.000000	8146.032000	675.684000	0.570000
1.000000	8003.119000	691.398000	0.560000
1.000000	7860.206000	707.112000	0.550000
1.000000	7717.294000	722.825000	0.540000
1.000000	7574.381000	738.539000	0.530000
1.000000	7431.468000	754.252000	0.520000
1.000000	7288.555000	769.966000	0.510000
1.000000	7145.642000	785.680000	0.500000
1.000000	7002.729000	801.393000	0.490000
1.000000	6859.816000	817.107000	0.480000
1.000000	6716.904000	832.820000	0.470000
1.000000	6573.991000	848.534000	0.460000
1.000000	6431.078000	864.248000	0.450000
1.000000	6288.165000	879.961000	0.440000
1.000000	6145.252000	895.675000	0.430000
1.000000	6002.339000	911.388000	0.420000
1.000000	5859.427000	927.102000	0.410000
1.000000	5716.514000	942.816000	0.400000
1.000000	5573.601000	958.529000	0.390000
1.000000	5430.688000	974.243000	0.380000
1.000000	5287.775000	989.956000	0.370000
1.000000	5144.862000	1005.670000	0.360000
1.000000	5001.950000	1021.384000	0.350000
1.000000	4859.037000	1037.097000	0.340000
1.000000	4716.124000	1052.811000	0.330000
1.000000	4573.211000	1068.524000	0.320000
1.000000	4430.298000	1084.238000	0.310000
1.000000	4287.385000	1099.951000	0.300000
1.000000	4144.472000	1115.665000	0.290000
1.000000	4001.560000	1131.379000	0.280000
1.000000	3858.647000	1147.092000	0.270000
1.000000	3715.734000	1162.806000	0.260000
1.000000	3572.821000	1178.519000	0.250000
1.000000	3429.908000	1194.233000	0.240000
1.000000	3286.995000	1209.947000	0.230000
1.000000	3144.083000	1225.660000	0.220000
1.000000	3001.170000	1241.374000	0.210000
1.000000	2858.257000	1257.087000	0.200000
1.000000	2715.344000	1272.801000	0.190000
1.000000	2572.431000	1288.515000	0.180000
1.000000	2429.518000	1304.228000	0.170000
1.000000	2286.605000	1319.942000	0.160000
1.000000	2143.693000	1335.655000	0.150000
1.000000	2000.780000	1351.369000	0.140000
1.000000	1857.867000	1367.083000	0.130000
1.000000	1714.954000	1382.796000	0.120000
1.000000	1572.041000	1398.510000	0.110000
1.000000	1429.128000	1414.223000	0.100000
1.000000	1286.216000	1429.937000	0.090000
1.000000	1143.303000	1445.651000	0.080000
1.000000	1000.390000	1461.364000	0.070000
21.000000	997.315000	2288.389000	0.060000
20.000000	997.315000	2288.389000	0.060000
19.000000	997.315000	2288.389000	0.060000
18.000000	997.315000	2288.389000	0.060000
1.000000	857.477000	1477.078000	0.060000
31.000000	831.096000	2312.734000	0.050000
30.000000	831.096000	2312.734000	0.050000
29.000000	831.096000	2312.734000	0.050000
28.000000	831.096000	2312.734000	0.050000
27.000000	831.096000	2312.734000	0.050000
26.000000	831.096000	2312.734000	0.050000
25.000000	831.096000	2312.734000	0.050000
1.000000	714.564000	1492.791000	0.050000
1.000000	571.651000	1508.505000	0.040000
7.000000	547.150000	1322.870000	0.030000
1.000000	428.739000	1524.219000	0.030000
7.000000	364.766000	1336.508000	0.020000
1.000000	285.826000	1539.932000	0.020000
43.000000	193.675000	2745.064000	0.010000
42.000000	193.675000	2745.064000	0.010000
41.000000	193.675000	2745.064000	0.010000
24.000000	186.714000	2228.622000	0.010000
18.000000	166.219000	2410.112000	0.010000
1.000000	142.913000	1555.646000	0.010000
99.000000	0.000000	5915.622000	0.000000
98.000000	0.000000	5915.622000	0.000000
97.000000	0.000000	5915.622000	0.000000
96.000000	0.000000	5915.622000	0.000000
95.000000	0.000000	5915.622000	0.000000
94.000000	0.000000	5915.622000	0.000000
93.000000	0.000000	5915.622000	0.000000
92.000000	0.000000	5915.622000	0.000000
91.000000	0.000000	5915.622000	0.000000
90.000000	0.000000	5915.622000	0.000000
89.000000	0.000000	5915.622000	0.000000
88.000000	0.000000	5915.622000	0.000000
87.000000	0.000000	5915.622000	0.000000
86.000000	0.000000	5915.622000	0.000000
85.000000	0.000000	5915.622000	0.000000
84.000000	0.000000	5915.622000	0.000000
83.000000	0.000000	5915.622000	0.000000
82.000000	0.000000	5915.622000	0.000000
81.000000	0.000000	5915.622000	0.000000
80.000000	0.000000	5915.622000	0.000000
79.000000	0.000000	5915.622000	0.000000
78.000000	0.000000	5915.622000	0.000000
77.000000	0.000000	5915.622000	0.000000
76.000000	0.000000	5915.622000	0.000000
74.000000	0.000000	4037.473000	0.000000
73.000000	0.000000	4037.473000	0.000000
72.000000	0.000000	4037.473000	0.000000
71.000000	0.000000	4037.473000	0.000000
68.000000	0.000000	3432.600000	0.000000
67.000000	0.000000	5232.360000	0.000000
66.000000	0.000000	5232.360000	0.000000
65.000000	0.000000	6148.180000	0.000000
64.000000	0.000000	6148.180000	0.000000
62.000000	0.000000	5667.748000	0.000000
61.000000	0.000000	6543.485000	0.000000
60.000000	0.000000	6543.485000	0.000000
58.000000	0.000000	3837.966000	0.000000
55.000000	0.000000	3909.636000	0.000000
53.000000	0.000000	2819.960000	0.000000
52.000000	0.000000	3457.482000	0.000000
51.000000	0.000000	5529.134000	0.000000
48.000000	0.000000	2762.465000	0.000000
47.000000	0.000000	2762.465000	0.000000
46.000000	0.000000	2762.465000	0.000000
45.000000	0.000000	2762.465000	0.000000
44.000000	0.000000	2762.465000	0.000000
43.000000	0.000000	2762.465000	0.000000
40.000000	0.000000	1851.911000	0.000000
39.000000	0.000000	2003.549000	0.000000
38.000000	0.000000	3082.816000	0.000000
37.000000	0.000000	3082.816000	0.000000
36.000000	0.000000	3082.816000	0.000000
35.000000	0.000000	3634.209000	0.000000
34.000000	0.000000	3634.209000	0.000000
33.000000	0.000000	3634.209000	0.000000
32.000000	0.000000	4559.432000	0.000000
31.000000	0.000000	4559.432000	0.000000
30.000000	0.000000	6017.100000	0.000000
29.000000	0.000000	6017.100000	0.000000
28.000000	0.000000	6017.100000	0.000000
26.000000	0.000000	3986.010000	0.000000
25.000000	0.000000	3986.010000	0.000000
24.000000	0.000000	3986.010000	0.000000
21.000000	0.000000	2276.195000	0.000000
19.000000	0.000000	2251.134000	0.000000
16.000000	0.000000	1525.166000	0.000000
12.000000	0.000000	1553.052000	0.000000
7.000000	0.000000	1363.784000	0.000000
6.000000	0.000000	1456.767000	0.000000
2.000000	0.000000	1528.610000	0.000000
1.000000	0.000000	1571.359000	0.000000
