Plants  Suppliers  Scenarios
    6      12      27
Transportation costs in local currency
77.17   49.32   54.48   56.13   69.10   63.43   
50.86   33.85   34.80   29.96   41.44   37.45   
26.21   39.46   32.92   16.54   11.14   17.20   
79.17   26.22   34.12   59.52   60.08   50.18   
36.91   42.92   40.91   15.85   35.02   35.77   
82.97   56.47   61.83   62.07   76.23   70.81   
48.11   80.94   79.21   39.29   66.31   71.47   
21.22   56.66   48.59   30.56   16.85   29.02   
18.34   80.30   74.70   30.78   48.20   58.79   
75.75   20.25   28.25   56.74   55.19   44.87   
61.69    5.69    9.90   45.35   37.54   26.40   
80.51   26.09   25.56   69.93   50.49   38.83   
Supplier capacity and fixed cost (in local currency)
   94    3570.64
  119    4520.28
  128    4862.15
  124    4710.21
  102    3874.53
   97    3684.60
  113    4292.37
  113    4292.37
  100    3798.56
   97    3684.60
  128    4862.15
  112    4254.38
Demand scenarios
   93   118    86   113   128   104   112   128    95   119    74   116   125   128    93    94   124   122    99    89    80    87    91    80    90   139   123 
  114    72    77    93   104   103   108   126    95    79    92    98   112    91   125    90   105   108    91   119    76    84   114   121    92    92   113 
   96    78    95    85   112    91   116   135   126    94    91    82    93    81   117   122    96   115    97    85   101    88    85   118   132   101   117 
  107    80    71   126    99   122   104   129   131   112   112   117   128    81    96   124   125   118    85    70    78   116   100   112   119    93   100 
   80    77    84    95    85    82   103    99    89   123   108   122   129   125    99    92   114    97   129    91    96   128   121   126   134   111   113 
   83    73    96   107    96   114   118    78    71   119    91   114   108   116    86   117   128    97   136    94   115    95    98   119    95   125   104 
Exchange rate scenarios
 0.91  0.96  0.84  1.02  0.96  1.04  1.06  1.19  1.16  0.85  0.93  0.86  1.07  1.08  1.06  1.01  1.08  1.07  0.81  0.87  0.86  0.97  0.99  1.02  1.20  1.09  1.15 
 0.91  1.00  0.80  0.98  1.05  1.07  1.08  1.11  1.12  0.86  0.92  0.85  0.96  1.01  0.92  1.02  1.18  1.16  0.86  0.93  0.98  1.09  0.98  0.92  1.18  1.11  1.04 
 0.90  0.89  0.90  1.06  0.99  0.93  1.03  1.11  1.04  0.81  0.96  0.86  0.98  0.98  1.02  1.17  1.16  1.10  0.93  0.81  0.98  1.09  1.08  1.08  1.05  1.04  1.19 
 0.82  0.82  1.00  1.08  0.94  0.92  1.16  1.17  1.08  0.89  0.91  0.90  0.97  1.01  0.94  1.07  1.07  1.15  0.90  0.98  0.92  0.95  0.90  0.98  1.08  1.05  1.11 
 0.92  0.99  0.92  0.95  0.87  0.80  0.98  0.81  0.93  0.94  1.00  0.99  0.97  1.09  1.06  1.03  0.99  0.97  1.02  1.18  1.01  1.08  1.12  1.09  1.20  1.11  1.17 
 0.91  0.97  0.81  0.93  1.00  0.89  0.86  0.80  0.89  0.97  0.93  0.96  0.93  0.96  0.96  1.04  1.00  0.96  1.08  1.13  1.03  1.09  1.00  1.01  1.09  1.08  1.03 
 0.84  0.91  0.82  0.84  0.89  0.90  0.84  0.99  0.83  1.03  1.03  0.93  1.08  1.05  0.95  1.03  1.01  1.01  1.10  1.04  1.15  1.10  1.06  1.01  1.05  1.02  1.04 
 0.97  0.94  0.81  0.84  0.81  0.88  0.93  0.90  0.87  0.93  0.96  0.93  0.95  0.90  1.08  0.95  1.09  1.09  1.12  1.11  1.05  1.14  1.05  1.13  1.08  1.03  1.02 
 0.91  0.92  0.84  0.86  0.99  0.85  0.86  0.94  0.99  0.95  1.10  0.93  0.98  0.95  0.96  1.04  1.05  1.04  1.20  1.08  1.04  1.05  1.08  1.09  1.00  1.19  1.08 
 0.93  0.97  0.90  0.89  0.87  0.82  0.94  0.81  0.81  1.00  1.04  1.01  0.96  1.02  0.96  0.97  0.99  0.92  1.15  1.00  1.11  1.10  1.15  1.07  1.07  1.03  1.12 
 0.81  0.93  0.95  0.88  0.87  0.81  0.96  0.97  0.99  1.07  0.98  1.02  0.92  1.06  1.07  0.92  1.00  0.91  1.07  1.14  1.15  1.01  1.07  1.07  1.06  1.00  1.18 
 0.83  0.81  0.83  0.83  0.87  0.99  0.86  1.00  0.98  0.91  1.04  1.01  1.04  0.93  0.96  1.10  1.02  1.09  1.08  1.10  1.16  1.19  1.05  1.02  1.17  1.00  1.16 
Probabilities
0.0332
0.0179
0.0178
0.0584
0.0314
0.0313
0.0501
0.0270
0.0268
0.0241
0.0130
0.0129
0.0424
0.0228
0.0227
0.0364
0.0196
0.0195
0.0557
0.0300
0.0298
0.0979
0.0528
0.0525
0.0840
0.0453
0.0450
